Fission Products,Daughter Nuclides,Branching Ratios
 23 - 059 , 23 - 059 ,-1.0
 23 - 059 , 24 - 059 ,0.999
 23 - 059 , 24 - 058 ,0.001
 23 - 060 , 23 - 060 ,-1.0
 23 - 060 , 24 - 060 ,0.999
 23 - 060 , 24 - 059 ,0.001
 23 - 061 , 23 - 061 ,-1.0
 23 - 061 , 24 - 061 ,0.94
 23 - 061 , 24 - 060 ,0.06
 23 - 062 , 23 - 062 ,-1.0
 23 - 062 , 24 - 062 ,1.0
 23 - 063 , 23 - 063 ,-1.0
 23 - 063 , 24 - 063 ,0.65
 23 - 063 , 24 - 062 ,0.35
 23 - 064 , 23 - 064 ,-1.0
 23 - 064 , 24 - 064 ,1.0
 23 - 065 , 23 - 065 ,-1.0
 23 - 065 , 24 - 065 ,0.999
 23 - 065 , 24 - 064 ,0.001
 24 - 058 , 24 - 058 ,-1.0
 24 - 058 , 25 - 058 ,1.0
 24 - 059 , 24 - 059 ,-1.0
 24 - 059 , 25 - 059 ,1.0
 24 - 060 , 24 - 060 ,-1.0
 24 - 060 , 25 - 060 ,1.0
 24 - 061 , 24 - 061 ,-1.0
 24 - 061 , 25 - 061 ,0.999
 24 - 061 , 25 - 060 ,0.001
 24 - 062 , 24 - 062 ,-1.0
 24 - 062 , 25 - 062 ,0.999
 24 - 062 , 25 - 061 ,0.001
 24 - 063 , 24 - 063 ,-1.0
 24 - 063 , 25 - 063 ,0.999
 24 - 063 , 25 - 062 ,0.001
 24 - 064 , 24 - 064 ,-1.0
 24 - 064 , 25 - 064 ,1.0
 24 - 065 , 24 - 065 ,-1.0
 24 - 065 , 25 - 065 ,0.999
 24 - 065 , 25 - 064 ,0.001
 24 - 066 , 24 - 066 ,-1.0
 24 - 066 , 25 - 066 ,1.0
 24 - 067 , 24 - 067 ,-1.0
 24 - 067 , 25 - 067 ,1.0
 25 - 058 , 25 - 058 ,-1.0
 25 - 058 , 26 - 058 ,1.0
 25 - 059 , 25 - 059 ,-1.0
 25 - 059 , 26 - 059 ,1.0
 25 - 060 , 25 - 060 ,-1.0
 25 - 060 , 26 - 060 ,1.0
 25 - 061 , 25 - 061 ,-1.0
 25 - 061 , 26 - 061 ,0.999
 25 - 061 , 26 - 060 ,0.001
 25 - 062 , 25 - 062 ,-1.0
 25 - 062 , 26 - 062 ,0.999
 25 - 062 , 26 - 061 ,0.001
 25 - 063 , 25 - 063 ,-1.0
 25 - 063 , 26 - 063 ,0.999
 25 - 063 , 26 - 062 ,0.001
 25 - 064 , 25 - 064 ,-1.0
 25 - 064 , 26 - 064 ,0.999
 25 - 064 , 26 - 063 ,0.001
 25 - 065 , 25 - 065 ,-1.0
 25 - 065 , 26 - 065 ,0.999
 25 - 065 , 26 - 064 ,0.001
 25 - 066 , 25 - 066 ,-1.0
 25 - 066 , 26 - 066 ,0.999
 25 - 066 , 26 - 065 ,0.001
 25 - 067 , 25 - 067 ,-1.0
 25 - 067 , 26 - 067 ,0.999
 25 - 067 , 26 - 066 ,0.001
 25 - 068 , 25 - 068 ,-1.0
 25 - 068 , 26 - 068 ,0.999
 25 - 068 , 26 - 067 ,0.001
 25 - 069 , 25 - 069 ,-1.0
 25 - 069 , 26 - 069 ,0.76
 25 - 069 , 26 - 068 ,0.24
 26 - 058 , 26 - 058 ,-1.0
 26 - 059 , 26 - 059 ,-1.0
 26 - 059 , 27 - 059 ,1.0
 26 - 060 , 26 - 060 ,-1.0
 26 - 060 , 27 - 060 ,1.0
 26 - 061 , 26 - 061 ,-1.0
 26 - 061 , 27 - 061 ,1.0
 26 - 062 , 26 - 062 ,-1.0
 26 - 062 , 27 - 062 ,1.0
 26 - 063 , 26 - 063 ,-1.0
 26 - 063 , 27 - 063 ,1.0
 26 - 064 , 26 - 064 ,-1.0
 26 - 064 , 27 - 064 ,1.0
 26 - 065 , 26 - 065 ,-1.0
 26 - 065 , 27 - 065 ,1.0
 26 - 066 , 26 - 066 ,-1.0
 26 - 066 , 27 - 066 ,0.999
 26 - 066 , 27 - 065 ,0.001
 26 - 067 , 26 - 067 ,-1.0
 26 - 067 , 27 - 067 ,0.999
 26 - 067 , 27 - 066 ,0.001
 26 - 068 , 26 - 068 ,-1.0
 26 - 068 , 27 - 068 ,0.999
 26 - 068 , 27 - 067 ,0.001
 26 - 069 , 26 - 069 ,-1.0
 26 - 069 , 27 - 069 ,0.93
 26 - 069 , 27 - 068 ,0.07
 26 - 070 , 26 - 070 ,-1.0
 26 - 070 , 27 - 070 ,1.0
 26 - 071 , 26 - 071 ,-1.0
 26 - 071 , 27 - 071 ,1.0
 26 - 072 , 26 - 072 ,-1.0
 26 - 072 , 27 - 072 ,1.0
 27 - 058 , 27 - 058 ,-1.0
 27 - 058 , 28 - 058 ,1.0
 27 - 059 , 27 - 059 ,-1.0
 27 - 060 , 27 - 060 ,-1.0
 27 - 060 , 28 - 060 ,1.0
 27 - 061 , 27 - 061 ,-1.0
 27 - 061 , 28 - 061 ,1.0
 27 - 062 , 27 - 062 ,-1.0
 27 - 062 , 28 - 062 ,1.0
 27 - 063 , 27 - 063 ,-1.0
 27 - 063 , 28 - 063 ,1.0
 27 - 064 , 27 - 064 ,-1.0
 27 - 064 , 28 - 064 ,1.0
 27 - 065 , 27 - 065 ,-1.0
 27 - 065 , 28 - 065 ,1.0
 27 - 066 , 27 - 066 ,-1.0
 27 - 066 , 28 - 066 ,1.0
 27 - 067 , 27 - 067 ,-1.0
 27 - 067 , 28 - 067 ,1.0
 27 - 068 , 27 - 068 ,-1.0
 27 - 068 , 28 - 068 ,1.0
 27 - 069 , 27 - 069 ,-1.0
 27 - 069 , 28 - 069 ,0.99
 27 - 069 , 28 - 068 ,0.01
 27 - 070 , 27 - 070 ,-1.0
 27 - 070 , 28 - 070 ,0.999
 27 - 070 , 28 - 069 ,0.001
 27 - 071 , 27 - 071 ,-1.0
 27 - 071 , 28 - 071 ,0.999
 27 - 071 , 28 - 070 ,0.001
 27 - 072 , 27 - 072 ,-1.0
 27 - 072 , 28 - 072 ,0.999
 27 - 072 , 28 - 071 ,0.001
 27 - 073 , 27 - 073 ,-1.0
 27 - 073 , 28 - 073 ,1.0
 27 - 074 , 27 - 074 ,-1.0
 27 - 074 , 28 - 074 ,1.0
 27 - 075 , 27 - 075 ,-1.0
 27 - 075 , 28 - 075 ,1.0
 28 - 058 , 28 - 058 ,-1.0
 28 - 058 , 26 - 058 ,1.0
 28 - 059 , 28 - 059 ,-1.0
 28 - 059 , 27 - 059 ,1.0
 28 - 060 , 28 - 060 ,-1.0
 28 - 061 , 28 - 061 ,-1.0
 28 - 062 , 28 - 062 ,-1.0
 28 - 063 , 28 - 063 ,-1.0
 28 - 063 , 29 - 063 ,1.0
 28 - 064 , 28 - 064 ,-1.0
 28 - 065 , 28 - 065 ,-1.0
 28 - 065 , 29 - 065 ,1.0
 28 - 066 , 28 - 066 ,-1.0
 28 - 066 , 29 - 066 ,1.0
 28 - 067 , 28 - 067 ,-1.0
 28 - 067 , 29 - 067 ,1.0
 28 - 068 , 28 - 068 ,-1.0
 28 - 068 , 29 - 068 ,1.0
 28 - 069 , 28 - 069 ,-1.0
 28 - 069 , 29 - 069 ,1.0
 28 - 070 , 28 - 070 ,-1.0
 28 - 070 , 29 - 070 ,1.0
 28 - 071 , 28 - 071 ,-1.0
 28 - 071 , 29 - 071 ,1.0
 28 - 072 , 28 - 072 ,-1.0
 28 - 072 , 29 - 072 ,0.999
 28 - 072 , 29 - 071 ,0.001
 28 - 073 , 28 - 073 ,-1.0
 28 - 073 , 29 - 073 ,0.999
 28 - 073 , 29 - 072 ,0.001
 28 - 074 , 28 - 074 ,-1.0
 28 - 074 , 29 - 074 ,0.999
 28 - 074 , 29 - 073 ,0.001
 28 - 075 , 28 - 075 ,-1.0
 28 - 075 , 29 - 075 ,0.98
 28 - 075 , 29 - 074 ,0.016
 28 - 076 , 28 - 076 ,-1.0
 28 - 076 , 29 - 076 ,0.999
 28 - 076 , 29 - 075 ,0.001
 28 - 077 , 28 - 077 ,-1.0
 28 - 077 , 29 - 077 ,1.0
 28 - 078 , 28 - 078 ,-1.0
 28 - 078 , 29 - 078 ,1.0
 29 - 063 , 29 - 063 ,-1.0
 29 - 064 , 29 - 064 ,-1.0
 29 - 064 , 28 - 064 ,0.61
 29 - 064 , 30 - 064 ,0.39
 29 - 065 , 29 - 065 ,-1.0
 29 - 066 , 29 - 066 ,-1.0
 29 - 066 , 30 - 066 ,1.0
 29 - 067 , 29 - 067 ,-1.0
 29 - 067 , 30 - 067 ,1.0
 29 - 068 , 29 - 068 ,-1.0
 29 - 068 , 30 - 068 ,1.0
 29 - 069 , 29 - 069 ,-1.0
 29 - 069 , 30 - 069 ,1.0
 29 - 070 , 29 - 070 ,-1.0
 29 - 070 , 30 - 070 ,1.0
 29 - 071 , 29 - 071 ,-1.0
 29 - 071 , 30 - 071 ,1.0
 29 - 072 , 29 - 072 ,-1.0
 29 - 072 , 30 - 072 ,1.0
 29 - 073 , 29 - 073 ,-1.0
 29 - 073 , 30 - 073 ,0.999
 29 - 073 , 30 - 072 ,0.001
 29 - 074 , 29 - 074 ,-1.0
 29 - 074 , 30 - 074 ,1.0
 29 - 075 , 29 - 075 ,-1.0
 29 - 075 , 30 - 075 ,0.96
 29 - 075 , 30 - 074 ,0.035
 29 - 076 , 29 - 076 ,-1.0
 29 - 076 , 30 - 076 ,0.97
 29 - 076 , 30 - 075 ,0.03
 29 - 077 , 29 - 077 ,-1.0
 29 - 077 , 30 - 077 ,1.0
 29 - 078 , 29 - 078 ,-1.0
 29 - 078 , 30 - 078 ,1.0
 29 - 079 , 29 - 079 ,-1.0
 29 - 079 , 30 - 079 ,0.45
 29 - 079 , 30 - 078 ,0.55
 29 - 080 , 29 - 080 ,-1.0
 29 - 080 , 30 - 080 ,1.0
 30 - 064 , 30 - 064 ,-1.0
 30 - 064 , 28 - 064 ,1.0
 30 - 065 , 30 - 065 ,-1.0
 30 - 065 , 29 - 065 ,1.0
 30 - 066 , 30 - 066 ,-1.0
 30 - 067 , 30 - 067 ,-1.0
 30 - 068 , 30 - 068 ,-1.0
 30 - 069 , 30 - 069 ,-1.0
 30 - 069 , 31 - 069 ,1.0
 30 - 070 , 30 - 070 ,-1.0
 30 - 070 , 31 - 070 ,1.0
 30 - 071 , 30 - 071 ,-1.0
 30 - 071 , 31 - 071 ,1.0
 30 - 072 , 30 - 072 ,-1.0
 30 - 072 , 31 - 072 ,1.0
 30 - 073 , 30 - 073 ,-1.0
 30 - 073 , 31 - 073 ,1.0
 30 - 074 , 30 - 074 ,-1.0
 30 - 074 , 31 - 074 ,1.0
 30 - 075 , 30 - 075 ,-1.0
 30 - 075 , 31 - 075 ,1.0
 30 - 076 , 30 - 076 ,-1.0
 30 - 076 , 31 - 076 ,1.0
 30 - 077 , 30 - 077 ,-1.0
 30 - 077 , 31 - 077 ,1.0
 30 - 078 , 30 - 078 ,-1.0
 30 - 078 , 31 - 078 ,1.0
 30 - 079 , 30 - 079 ,-1.0
 30 - 079 , 31 - 079 ,0.987
 30 - 079 , 31 - 078 ,0.013
 30 - 080 , 30 - 080 ,-1.0
 30 - 080 , 31 - 080 ,0.99
 30 - 080 , 31 - 079 ,0.01
 30 - 081 , 30 - 081 ,-1.0
 30 - 081 , 31 - 081 ,0.925
 30 - 081 , 31 - 080 ,0.75
 30 - 082 , 30 - 082 ,-1.0
 30 - 082 , 31 - 082 ,1.0
 30 - 083 , 30 - 083 ,-1.0
 30 - 083 , 31 - 083 ,1.0
 31 - 067 , 31 - 067 ,-1.0
 31 - 067 , 30 - 067 ,1.0
 31 - 068 , 31 - 068 ,-1.0
 31 - 068 , 30 - 068 ,1.0
 31 - 069 , 31 - 069 ,-1.0
 31 - 070 , 31 - 070 ,-1.0
 31 - 070 , 32 - 070 ,0.9959
 31 - 070 , 30 - 070 ,0.0041
 31 - 071 , 31 - 071 ,-1.0
 31 - 072 , 31 - 072 ,-1.0
 31 - 072 , 32 - 072 ,1.0
 31 - 073 , 31 - 073 ,-1.0
 31 - 073 , 32 - 073 ,1.0
 31 - 074 , 31 - 074 ,-1.0
 31 - 074 , 32 - 074 ,1.0
 31 - 075 , 31 - 075 ,-1.0
 31 - 075 , 32 - 075 ,1.0
 31 - 076 , 31 - 076 ,-1.0
 31 - 076 , 32 - 076 ,1.0
 31 - 077 , 31 - 077 ,-1.0
 31 - 077 , 32 - 077 ,1.0
 31 - 078 , 31 - 078 ,-1.0
 31 - 078 , 32 - 078 ,1.0
 31 - 079 , 31 - 079 ,-1.0
 31 - 079 , 32 - 079 ,0.99911
 31 - 079 , 32 - 078 ,0.00089
 31 - 080 , 31 - 080 ,-1.0
 31 - 080 , 32 - 080 ,0.99
 31 - 080 , 32 - 079 ,0.01
 31 - 081 , 31 - 081 ,-1.0
 31 - 081 , 32 - 081 ,0.88
 31 - 081 , 32 - 080 ,0.12
 31 - 082 , 31 - 082 ,-1.0
 31 - 082 , 32 - 082 ,0.79
 31 - 082 , 32 - 081 ,0.21
 31 - 083 , 31 - 083 ,-1.0
 31 - 083 , 32 - 083 ,0.63
 31 - 083 , 32 - 082 ,0.37
 31 - 084 , 31 - 084 ,-1.0
 31 - 084 , 32 - 083 ,0.7
 31 - 084 , 32 - 084 ,0.3
 31 - 085 , 31 - 085 ,-1.0
 31 - 085 , 32 - 085 ,1.0
 31 - 086 , 31 - 086 ,-1.0
 31 - 086 , 32 - 086 ,1.0
 32 - 068 , 32 - 068 ,-1.0
 32 - 068 , 33 - 068 ,1.0
 32 - 069 , 32 - 069 ,-1.0
 32 - 069 , 33 - 069 ,1.0
 32 - 070 , 32 - 070 ,-1.0
 32 - 071 , 32 - 071 ,-1.0
 32 - 071 , 33 - 071 ,1.0
 32 - 072 , 32 - 072 ,-1.0
 32 - 073 , 32 - 073 ,-1.0
 32 - 074 , 32 - 074 ,-1.0
 32 - 075 , 32 - 075 ,-1.0
 32 - 075 , 33 - 075 ,1.0
 32 - 076 , 32 - 076 ,-1.0
 32 - 076 , 33 - 076 ,1.0
 32 - 077 , 32 - 077 ,-1.0
 32 - 077 , 33 - 077 ,1.0
 32 - 078 , 32 - 078 ,-1.0
 32 - 078 , 33 - 078 ,1.0
 32 - 079 , 32 - 079 ,-1.0
 32 - 079 , 33 - 079 ,1.0
 32 - 080 , 32 - 080 ,-1.0
 32 - 080 , 33 - 080 ,1.0
 32 - 081 , 32 - 081 ,-1.0
 32 - 081 , 33 - 081 ,1.0
 32 - 082 , 32 - 082 ,-1.0
 32 - 082 , 33 - 082 ,1.0
 32 - 083 , 32 - 083 ,-1.0
 32 - 083 , 33 - 083 ,1.0
 32 - 084 , 32 - 084 ,-1.0
 32 - 084 , 33 - 084 ,0.892
 32 - 084 , 33 - 083 ,0.108
 32 - 085 , 32 - 085 ,-1.0
 32 - 085 , 33 - 085 ,0.86
 32 - 085 , 33 - 084 ,0.14
 32 - 086 , 32 - 086 ,-1.0
 32 - 086 , 33 - 086 ,1.0
 32 - 086 , 33 - 085 ,0.0
 32 - 087 , 32 - 087 ,-1.0
 32 - 087 , 33 - 087 ,1.0
 32 - 087 , 33 - 086 ,0.0
 32 - 088 , 32 - 088 ,-1.0
 32 - 088 , 33 - 088 ,1.0
 32 - 089 , 32 - 089 ,-1.0
 32 - 089 , 33 - 089 ,1.0
 33 - 068 , 33 - 068 ,-1.0
 33 - 068 , 32 - 068 ,1.0
 33 - 069 , 33 - 069 ,-1.0
 33 - 069 , 32 - 069 ,1.0
 33 - 070 , 33 - 070 ,-1.0
 33 - 070 , 32 - 070 ,1.0
 33 - 071 , 33 - 071 ,-1.0
 33 - 071 , 32 - 071 ,1.0
 33 - 072 , 33 - 072 ,-1.0
 33 - 072 , 32 - 072 ,1.0
 33 - 073 , 33 - 073 ,-1.0
 33 - 073 , 32 - 073 ,1.0
 33 - 074 , 33 - 074 ,-1.0
 33 - 074 , 32 - 074 ,0.66
 33 - 074 , 34 - 074 ,0.34
 33 - 075 , 33 - 075 ,-1.0
 33 - 076 , 33 - 076 ,-1.0
 33 - 076 , 34 - 076 ,0.9998
 33 - 076 , 32 - 076 ,0.0002
 33 - 077 , 33 - 077 ,-1.0
 33 - 077 , 34 - 077 ,1.0
 33 - 078 , 33 - 078 ,-1.0
 33 - 078 , 34 - 078 ,1.0
 33 - 079 , 33 - 079 ,-1.0
 33 - 079 , 34 - 079 ,1.0
 33 - 080 , 33 - 080 ,-1.0
 33 - 080 , 34 - 080 ,1.0
 33 - 081 , 33 - 081 ,-1.0
 33 - 081 , 34 - 081 ,1.0
 33 - 082 , 33 - 082 ,-1.0
 33 - 082 , 34 - 082 ,1.0
 33 - 083 , 33 - 083 ,-1.0
 33 - 083 , 34 - 083 ,1.0
 33 - 084 , 33 - 084 ,-1.0
 33 - 084 , 34 - 084 ,0.9972
 33 - 084 , 34 - 083 ,0.0028
 33 - 085 , 33 - 085 ,-1.0
 33 - 085 , 34 - 084 ,0.59
 33 - 085 , 34 - 085 ,0.41
 33 - 086 , 33 - 086 ,-1.0
 33 - 086 , 34 - 086 ,0.67
 33 - 086 , 34 - 085 ,0.33
 33 - 087 , 33 - 087 ,-1.0
 33 - 087 , 34 - 087 ,0.85
 33 - 087 , 34 - 086 ,0.15
 33 - 088 , 33 - 088 ,-1.0
 33 - 088 , 34 - 088 ,1.0
 33 - 088 , 34 - 087 ,0.0
 33 - 089 , 33 - 089 ,-1.0
 33 - 089 , 34 - 089 ,1.0
 33 - 090 , 33 - 090 ,-1.0
 33 - 090 , 34 - 090 ,1.0
 33 - 091 , 33 - 091 ,-1.0
 33 - 091 , 34 - 091 ,1.0
 33 - 092 , 33 - 092 ,-1.0
 33 - 092 , 34 - 092 ,1.0
 34 - 070 , 34 - 070 ,-1.0
 34 - 070 , 33 - 070 ,1.0
 34 - 071 , 34 - 071 ,-1.0
 34 - 071 , 33 - 071 ,1.0
 34 - 072 , 34 - 072 ,-1.0
 34 - 072 , 33 - 072 ,1.0
 34 - 073 , 34 - 073 ,-1.0
 34 - 073 , 33 - 073 ,1.0
 34 - 074 , 34 - 074 ,-1.0
 34 - 074 , 32 - 074 ,1.0
 34 - 075 , 34 - 075 ,-1.0
 34 - 075 , 33 - 075 ,1.0
 34 - 076 , 34 - 076 ,-1.0
 34 - 077 , 34 - 077 ,-1.0
 34 - 078 , 34 - 078 ,-1.0
 34 - 079 , 34 - 079 ,-1.0
 34 - 079 , 35 - 079 ,1.0
 34 - 080 , 34 - 080 ,-1.0
 34 - 080 , 36 - 080 ,1.0
 34 - 081 , 34 - 081 ,-1.0
 34 - 081 , 35 - 081 ,1.0
 34 - 082 , 34 - 082 ,-1.0
 34 - 082 , 36 - 082 ,1.0
 34 - 083 , 34 - 083 ,-1.0
 34 - 083 , 35 - 083 ,1.0
 34 - 084 , 34 - 084 ,-1.0
 34 - 084 , 35 - 084 ,1.0
 34 - 085 , 34 - 085 ,-1.0
 34 - 085 , 35 - 085 ,1.0
 34 - 086 , 34 - 086 ,-1.0
 34 - 086 , 35 - 086 ,1.0
 34 - 087 , 34 - 087 ,-1.0
 34 - 087 , 35 - 087 ,0.998
 34 - 087 , 35 - 086 ,0.002
 34 - 088 , 34 - 088 ,-1.0
 34 - 088 , 35 - 088 ,0.99
 34 - 088 , 35 - 087 ,0.01
 34 - 089 , 34 - 089 ,-1.0
 34 - 089 , 35 - 089 ,0.922
 34 - 089 , 35 - 088 ,0.078
 34 - 090 , 34 - 090 ,-1.0
 34 - 090 , 35 - 090 ,1.0
 34 - 090 , 35 - 089 ,0.0
 34 - 091 , 34 - 091 ,-1.0
 34 - 091 , 35 - 091 ,0.79
 34 - 091 , 35 - 090 ,0.21
 34 - 092 , 34 - 092 ,-1.0
 34 - 092 , 35 - 092 ,1.0
 34 - 093 , 34 - 093 ,-1.0
 34 - 093 , 35 - 093 ,1.0
 34 - 094 , 34 - 094 ,-1.0
 34 - 094 , 35 - 094 ,1.0
 35 - 071 , 35 - 071 ,-1.0
 35 - 071 , 34 - 071 ,1.0
 35 - 072 , 35 - 072 ,-1.0
 35 - 072 , 34 - 072 ,1.0
 35 - 073 , 35 - 073 ,-1.0
 35 - 073 , 34 - 073 ,1.0
 35 - 074 , 35 - 074 ,-1.0
 35 - 074 , 34 - 074 ,1.0
 35 - 075 , 35 - 075 ,-1.0
 35 - 075 , 34 - 075 ,1.0
 35 - 076 , 35 - 076 ,-1.0
 35 - 076 , 34 - 076 ,1.0
 35 - 077 , 35 - 077 ,-1.0
 35 - 077 , 34 - 077 ,1.0
 35 - 078 , 35 - 078 ,-1.0
 35 - 078 , 34 - 078 ,0.9999
 35 - 078 , 36 - 078 ,0.0001
 35 - 079 , 35 - 079 ,-1.0
 35 - 080 , 35 - 080 ,-1.0
 35 - 080 , 36 - 080 ,0.917
 35 - 080 , 34 - 080 ,0.083
 35 - 081 , 35 - 081 ,-1.0
 35 - 082 , 35 - 082 ,-1.0
 35 - 082 , 36 - 082 ,1.0
 35 - 083 , 35 - 083 ,-1.0
 35 - 083 , 36 - 083 ,1.0
 35 - 084 , 35 - 084 ,-1.0
 35 - 084 , 36 - 084 ,1.0
 35 - 085 , 35 - 085 ,-1.0
 35 - 085 , 36 - 085 ,1.0
 35 - 086 , 35 - 086 ,-1.0
 35 - 086 , 36 - 086 ,1.0
 35 - 087 , 35 - 087 ,-1.0
 35 - 087 , 36 - 087 ,0.974
 35 - 087 , 36 - 086 ,0.026
 35 - 088 , 35 - 088 ,-1.0
 35 - 088 , 36 - 088 ,0.9342
 35 - 088 , 36 - 087 ,0.0658
 35 - 089 , 35 - 089 ,-1.0
 35 - 089 , 36 - 089 ,0.862
 35 - 089 , 36 - 088 ,0.138
 35 - 090 , 35 - 090 ,-1.0
 35 - 090 , 36 - 090 ,0.748
 35 - 090 , 36 - 089 ,0.252
 35 - 091 , 35 - 091 ,-1.0
 35 - 091 , 36 - 091 ,0.8
 35 - 091 , 36 - 090 ,0.2
 35 - 092 , 35 - 092 ,-1.0
 35 - 092 , 36 - 092 ,0.669
 35 - 092 , 36 - 091 ,0.331
 35 - 093 , 35 - 093 ,-1.0
 35 - 093 , 36 - 092 ,0.68
 35 - 093 , 36 - 093 ,0.32
 35 - 094 , 35 - 094 ,-1.0
 35 - 094 , 36 - 093 ,0.7
 35 - 094 , 36 - 094 ,0.3
 35 - 095 , 35 - 095 ,-1.0
 35 - 095 , 36 - 095 ,1.0
 35 - 096 , 35 - 096 ,-1.0
 35 - 096 , 36 - 096 ,1.0
 35 - 097 , 35 - 097 ,-1.0
 35 - 097 , 36 - 097 ,1.0
 36 - 072 , 36 - 072 ,-1.0
 36 - 072 , 35 - 072 ,1.0
 36 - 073 , 36 - 073 ,-1.0
 36 - 073 , 35 - 073 ,0.9975
 36 - 073 , 34 - 073 ,0.0025
 36 - 074 , 36 - 074 ,-1.0
 36 - 074 , 35 - 074 ,1.0
 36 - 075 , 36 - 075 ,-1.0
 36 - 075 , 35 - 075 ,1.0
 36 - 076 , 36 - 076 ,-1.0
 36 - 076 , 35 - 076 ,1.0
 36 - 077 , 36 - 077 ,-1.0
 36 - 077 , 35 - 077 ,1.0
 36 - 078 , 36 - 078 ,-1.0
 36 - 078 , 34 - 078 ,1.0
 36 - 079 , 36 - 079 ,-1.0
 36 - 079 , 35 - 079 ,1.0
 36 - 080 , 36 - 080 ,-1.0
 36 - 081 , 36 - 081 ,-1.0
 36 - 081 , 35 - 081 ,1.0
 36 - 082 , 36 - 082 ,-1.0
 36 - 083 , 36 - 083 ,-1.0
 36 - 084 , 36 - 084 ,-1.0
 36 - 085 , 36 - 085 ,-1.0
 36 - 085 , 37 - 085 ,1.0
 36 - 086 , 36 - 086 ,-1.0
 36 - 086 , 38 - 086 ,1.0
 36 - 087 , 36 - 087 ,-1.0
 36 - 087 , 37 - 087 ,1.0
 36 - 088 , 36 - 088 ,-1.0
 36 - 088 , 37 - 088 ,1.0
 36 - 089 , 36 - 089 ,-1.0
 36 - 089 , 37 - 089 ,1.0
 36 - 090 , 36 - 090 ,-1.0
 36 - 090 , 37 - 090 ,1.0
 36 - 091 , 36 - 091 ,-1.0
 36 - 091 , 37 - 091 ,1.0
 36 - 092 , 36 - 092 ,-1.0
 36 - 092 , 37 - 092 ,0.999668
 36 - 092 , 37 - 091 ,0.000332
 36 - 093 , 36 - 093 ,-1.0
 36 - 093 , 37 - 093 ,0.9805
 36 - 093 , 37 - 092 ,0.0195
 36 - 094 , 36 - 094 ,-1.0
 36 - 094 , 37 - 094 ,0.99
 36 - 094 , 37 - 093 ,0.01
 36 - 095 , 36 - 095 ,-1.0
 36 - 095 , 37 - 095 ,0.9713
 36 - 095 , 37 - 094 ,0.0287
 36 - 096 , 36 - 096 ,-1.0
 36 - 096 , 37 - 096 ,0.963
 36 - 096 , 37 - 095 ,0.037
 36 - 097 , 36 - 097 ,-1.0
 36 - 097 , 37 - 097 ,0.933
 36 - 097 , 37 - 096 ,0.067
 36 - 098 , 36 - 098 ,-1.0
 36 - 098 , 37 - 098 ,0.93
 36 - 098 , 37 - 097 ,0.07
 36 - 099 , 36 - 099 ,-1.0
 36 - 099 , 37 - 099 ,0.89
 36 - 099 , 37 - 098 ,0.11
 36 - 100 , 36 - 100 ,-1.0
 36 - 100 , 37 - 100 ,1.0
 37 - 073 , 37 - 073 ,-1.0
 37 - 073 , 36 - 072 ,1.0
 37 - 074 , 37 - 074 ,-1.0
 37 - 074 , 36 - 074 ,1.0
 37 - 075 , 37 - 075 ,-1.0
 37 - 075 , 36 - 075 ,1.0
 37 - 076 , 37 - 076 ,-1.0
 37 - 076 , 36 - 076 ,1.0
 37 - 076 , 34 - 076 ,0.0
 37 - 077 , 37 - 077 ,-1.0
 37 - 077 , 36 - 077 ,1.0
 37 - 078 , 37 - 078 ,-1.0
 37 - 078 , 36 - 078 ,1.0
 37 - 079 , 37 - 079 ,-1.0
 37 - 079 , 36 - 079 ,1.0
 37 - 080 , 37 - 080 ,-1.0
 37 - 080 , 36 - 080 ,1.0
 37 - 081 , 37 - 081 ,-1.0
 37 - 081 , 36 - 081 ,1.0
 37 - 082 , 37 - 082 ,-1.0
 37 - 082 , 36 - 082 ,1.0
 37 - 083 , 37 - 083 ,-1.0
 37 - 083 , 36 - 083 ,1.0
 37 - 084 , 37 - 084 ,-1.0
 37 - 084 , 36 - 084 ,0.962
 37 - 084 , 38 - 084 ,0.038
 37 - 085 , 37 - 085 ,-1.0
 37 - 086 , 37 - 086 ,-1.0
 37 - 086 , 38 - 086 ,0.999948
 37 - 086 , 36 - 086 ,5.2e-05
 37 - 087 , 37 - 087 ,-1.0
 37 - 087 , 38 - 087 ,1.0
 37 - 088 , 37 - 088 ,-1.0
 37 - 088 , 38 - 088 ,1.0
 37 - 089 , 37 - 089 ,-1.0
 37 - 089 , 38 - 089 ,1.0
 37 - 090 , 37 - 090 ,-1.0
 37 - 090 , 38 - 090 ,1.0
 37 - 091 , 37 - 091 ,-1.0
 37 - 091 , 38 - 091 ,1.0
 37 - 092 , 37 - 092 ,-1.0
 37 - 092 , 38 - 092 ,0.999893
 37 - 092 , 38 - 091 ,0.000107
 37 - 093 , 37 - 093 ,-1.0
 37 - 093 , 38 - 093 ,0.99
 37 - 093 , 38 - 092 ,0.01
 37 - 094 , 37 - 094 ,-1.0
 37 - 094 , 38 - 094 ,0.9
 37 - 094 , 38 - 093 ,0.1
 37 - 095 , 37 - 095 ,-1.0
 37 - 095 , 38 - 095 ,0.91
 37 - 095 , 38 - 094 ,0.09
 37 - 096 , 37 - 096 ,-1.0
 37 - 096 , 38 - 096 ,0.866
 37 - 096 , 38 - 095 ,0.134
 37 - 097 , 37 - 097 ,-1.0
 37 - 097 , 38 - 097 ,0.743
 37 - 097 , 38 - 096 ,0.257
 37 - 098 , 37 - 098 ,-1.0
 37 - 098 , 38 - 098 ,0.86
 37 - 098 , 38 - 097 ,0.138
 37 - 098 , 38 - 096 ,0.002
 37 - 099 , 37 - 099 ,-1.0
 37 - 099 , 38 - 099 ,0.841
 37 - 099 , 38 - 098 ,0.159
 37 - 100 , 37 - 100 ,-1.0
 37 - 100 , 38 - 100 ,0.94
 37 - 100 , 38 - 099 ,0.056
 37 - 100 , 38 - 098 ,0.004
 37 - 101 , 37 - 101 ,-1.0
 37 - 101 , 38 - 101 ,0.72
 37 - 101 , 38 - 100 ,0.28
 37 - 102 , 37 - 102 ,-1.0
 37 - 102 , 38 - 102 ,0.82
 37 - 102 , 38 - 101 ,0.18
 38 - 074 , 38 - 074 ,-1.0
 38 - 074 , 37 - 074 ,1.0
 38 - 075 , 38 - 075 ,-1.0
 38 - 075 , 37 - 075 ,0.948
 38 - 075 , 36 - 074 ,0.052
 38 - 076 , 38 - 076 ,-1.0
 38 - 076 , 37 - 076 ,1.0
 38 - 077 , 38 - 077 ,-1.0
 38 - 077 , 37 - 077 ,0.9975
 38 - 077 , 36 - 076 ,0.0025
 38 - 078 , 38 - 078 ,-1.0
 38 - 078 , 37 - 078 ,1.0
 38 - 079 , 38 - 079 ,-1.0
 38 - 079 , 37 - 079 ,1.0
 38 - 080 , 38 - 080 ,-1.0
 38 - 080 , 37 - 080 ,1.0
 38 - 081 , 38 - 081 ,-1.0
 38 - 081 , 37 - 081 ,1.0
 38 - 082 , 38 - 082 ,-1.0
 38 - 082 , 37 - 082 ,1.0
 38 - 083 , 38 - 083 ,-1.0
 38 - 083 , 37 - 083 ,1.0
 38 - 084 , 38 - 084 ,-1.0
 38 - 084 , 36 - 084 ,1.0
 38 - 085 , 38 - 085 ,-1.0
 38 - 085 , 37 - 085 ,1.0
 38 - 086 , 38 - 086 ,-1.0
 38 - 087 , 38 - 087 ,-1.0
 38 - 088 , 38 - 088 ,-1.0
 38 - 089 , 38 - 089 ,-1.0
 38 - 089 , 39 - 089 ,1.0
 38 - 090 , 38 - 090 ,-1.0
 38 - 090 , 39 - 090 ,1.0
 38 - 091 , 38 - 091 ,-1.0
 38 - 091 , 39 - 091 ,1.0
 38 - 092 , 38 - 092 ,-1.0
 38 - 092 , 39 - 092 ,1.0
 38 - 093 , 38 - 093 ,-1.0
 38 - 093 , 39 - 093 ,1.0
 38 - 094 , 38 - 094 ,-1.0
 38 - 094 , 39 - 094 ,1.0
 38 - 095 , 38 - 095 ,-1.0
 38 - 095 , 39 - 095 ,1.0
 38 - 096 , 38 - 096 ,-1.0
 38 - 096 , 39 - 096 ,1.0
 38 - 097 , 38 - 097 ,-1.0
 38 - 097 , 39 - 097 ,0.9995
 38 - 097 , 39 - 096 ,0.0005
 38 - 098 , 38 - 098 ,-1.0
 38 - 098 , 39 - 098 ,0.9975
 38 - 098 , 39 - 097 ,0.0025
 38 - 099 , 38 - 099 ,-1.0
 38 - 099 , 39 - 099 ,0.999
 38 - 099 , 39 - 098 ,0.001
 38 - 100 , 38 - 100 ,-1.0
 38 - 100 , 39 - 100 ,0.9922
 38 - 100 , 39 - 099 ,0.0078
 38 - 101 , 38 - 101 ,-1.0
 38 - 101 , 39 - 101 ,0.9763
 38 - 101 , 39 - 100 ,0.0078
 38 - 102 , 38 - 102 ,-1.0
 38 - 102 , 39 - 102 ,0.9763
 38 - 102 , 39 - 101 ,0.0237
 38 - 103 , 38 - 103 ,-1.0
 38 - 103 , 39 - 103 ,0.945
 38 - 104 , 38 - 104 ,-1.0
 38 - 104 , 39 - 104 ,1.0
 38 - 105 , 38 - 105 ,-1.0
 38 - 105 , 39 - 105 ,1.0
 39 - 076 , 39 - 076 ,-1.0
 39 - 076 , 38 - 076 ,1.0
 39 - 076 , 38 - 075 ,0.0
 39 - 077 , 39 - 077 ,-1.0
 39 - 077 , 38 - 076 ,0.1
 39 - 077 , 37 - 077 ,0.0
 39 - 077 , 38 - 077 ,0.9
 39 - 078 , 39 - 078 ,-1.0
 39 - 078 , 38 - 078 ,0.99
 39 - 078 , 37 - 077 ,0.01
 39 - 079 , 39 - 079 ,-1.0
 39 - 079 , 38 - 079 ,0.99
 39 - 079 , 37 - 078 ,0.01
 39 - 080 , 39 - 080 ,-1.0
 39 - 080 , 38 - 080 ,1.0
 39 - 081 , 39 - 081 ,-1.0
 39 - 081 , 38 - 081 ,1.0
 39 - 082 , 39 - 082 ,-1.0
 39 - 082 , 38 - 082 ,1.0
 39 - 083 , 39 - 083 ,-1.0
 39 - 083 , 38 - 083 ,1.0
 39 - 084 , 39 - 084 ,-1.0
 39 - 084 , 38 - 084 ,1.0
 39 - 085 , 39 - 085 ,-1.0
 39 - 085 , 38 - 085 ,1.0
 39 - 086 , 39 - 086 ,-1.0
 39 - 086 , 38 - 086 ,1.0
 39 - 087 , 39 - 087 ,-1.0
 39 - 087 , 38 - 087 ,1.0
 39 - 088 , 39 - 088 ,-1.0
 39 - 088 , 38 - 088 ,1.0
 39 - 089 , 39 - 089 ,-1.0
 39 - 090 , 39 - 090 ,-1.0
 39 - 090 , 40 - 090 ,1.0
 39 - 091 , 39 - 091 ,-1.0
 39 - 091 , 40 - 091 ,1.0
 39 - 092 , 39 - 092 ,-1.0
 39 - 092 , 40 - 092 ,1.0
 39 - 093 , 39 - 093 ,-1.0
 39 - 093 , 40 - 093 ,1.0
 39 - 094 , 39 - 094 ,-1.0
 39 - 094 , 40 - 094 ,1.0
 39 - 095 , 39 - 095 ,-1.0
 39 - 095 , 40 - 095 ,1.0
 39 - 096 , 39 - 096 ,-1.0
 39 - 096 , 40 - 096 ,1.0
 39 - 097 , 39 - 097 ,-1.0
 39 - 097 , 40 - 097 ,0.9942
 39 - 097 , 40 - 096 ,0.00058
 39 - 098 , 39 - 098 ,-1.0
 39 - 098 , 40 - 098 ,0.99669
 39 - 098 , 40 - 097 ,0.00331
 39 - 099 , 39 - 099 ,-1.0
 39 - 099 , 40 - 099 ,0.98
 39 - 099 , 40 - 098 ,0.019
 39 - 100 , 39 - 100 ,-1.0
 39 - 100 , 40 - 100 ,0.9908
 39 - 100 , 40 - 099 ,0.0092
 39 - 101 , 39 - 101 ,-1.0
 39 - 101 , 40 - 101 ,0.9806
 39 - 101 , 40 - 100 ,0.0194
 39 - 102 , 39 - 102 ,-1.0
 39 - 102 , 40 - 102 ,0.951
 39 - 102 , 40 - 101 ,0.049
 39 - 103 , 39 - 103 ,-1.0
 39 - 103 , 40 - 103 ,0.92
 39 - 103 , 40 - 102 ,0.08
 39 - 104 , 39 - 104 ,-1.0
 39 - 104 , 40 - 104 ,0.99
 39 - 104 , 40 - 103 ,0.01
 39 - 105 , 39 - 105 ,-1.0
 39 - 105 , 40 - 105 ,1.0
 39 - 106 , 39 - 106 ,-1.0
 39 - 106 , 40 - 106 ,1.0
 39 - 107 , 39 - 107 ,-1.0
 39 - 107 , 40 - 107 ,1.0
 39 - 108 , 39 - 108 ,-1.0
 39 - 108 , 40 - 108 ,1.0
 39 - 108 , 40 - 107 ,0.0
 40 - 078 , 40 - 078 ,-1.0
 40 - 078 , 39 - 078 ,1.0
 40 - 078 , 38 - 077 ,0.0
 40 - 079 , 40 - 079 ,-1.0
 40 - 079 , 39 - 079 ,0.99
 40 - 079 , 38 - 078 ,0.01
 40 - 080 , 40 - 080 ,-1.0
 40 - 080 , 39 - 080 ,0.99
 40 - 080 , 38 - 079 ,0.01
 40 - 081 , 40 - 081 ,-1.0
 40 - 081 , 39 - 081 ,0.9988
 40 - 081 , 38 - 080 ,0.0012
 40 - 082 , 40 - 082 ,-1.0
 40 - 082 , 39 - 082 ,1.0
 40 - 083 , 40 - 083 ,-1.0
 40 - 083 , 39 - 083 ,0.99
 40 - 083 , 38 - 082 ,0.01
 40 - 084 , 40 - 084 ,-1.0
 40 - 084 , 39 - 084 ,1.0
 40 - 085 , 40 - 085 ,-1.0
 40 - 085 , 39 - 085 ,1.0
 40 - 086 , 40 - 086 ,-1.0
 40 - 086 , 39 - 086 ,1.0
 40 - 087 , 40 - 087 ,-1.0
 40 - 087 , 39 - 087 ,1.0
 40 - 088 , 40 - 088 ,-1.0
 40 - 088 , 39 - 088 ,1.0
 40 - 089 , 40 - 089 ,-1.0
 40 - 089 , 39 - 089 ,1.0
 40 - 090 , 40 - 090 ,-1.0
 40 - 091 , 40 - 091 ,-1.0
 40 - 092 , 40 - 092 ,-1.0
 40 - 093 , 40 - 093 ,-1.0
 40 - 093 , 41 - 093 ,1.0
 40 - 094 , 40 - 094 ,-1.0
 40 - 094 , 42 - 094 ,1.0
 40 - 095 , 40 - 095 ,-1.0
 40 - 095 , 41 - 095 ,1.0
 40 - 096 , 40 - 096 ,-1.0
 40 - 096 , 42 - 096 ,1.0
 40 - 097 , 40 - 097 ,-1.0
 40 - 097 , 41 - 097 ,1.0
 40 - 098 , 40 - 098 ,-1.0
 40 - 098 , 41 - 098 ,1.0
 40 - 099 , 40 - 099 ,-1.0
 40 - 099 , 41 - 099 ,1.0
 40 - 100 , 40 - 100 ,-1.0
 40 - 100 , 41 - 100 ,1.0
 40 - 101 , 40 - 101 ,-1.0
 40 - 101 , 41 - 101 ,1.0
 40 - 102 , 40 - 102 ,-1.0
 40 - 102 , 41 - 102 ,1.0
 40 - 103 , 40 - 103 ,-1.0
 40 - 103 , 41 - 103 ,1.0
 40 - 104 , 40 - 104 ,-1.0
 40 - 104 , 41 - 104 ,1.0
 40 - 105 , 40 - 105 ,-1.0
 40 - 105 , 41 - 105 ,0.99
 40 - 105 , 41 - 104 ,0.01
 40 - 106 , 40 - 106 ,-1.0
 40 - 106 , 41 - 106 ,1.0
 40 - 107 , 40 - 107 ,-1.0
 40 - 107 , 41 - 107 ,1.0
 40 - 108 , 40 - 108 ,-1.0
 40 - 108 , 41 - 108 ,1.0
 40 - 108 , 41 - 107 ,0.0
 40 - 109 , 40 - 109 ,-1.0
 40 - 109 , 41 - 109 ,1.0
 40 - 110 , 40 - 110 ,-1.0
 40 - 110 , 41 - 110 ,1.0
 41 - 081 , 41 - 081 ,-1.0
 41 - 081 , 40 - 080 ,0.0
 41 - 081 , 40 - 081 ,0.0
 41 - 081 , 39 - 080 ,1.0
 41 - 082 , 41 - 082 ,-1.0
 41 - 082 , 40 - 082 ,0.99
 41 - 082 , 39 - 081 ,0.01
 41 - 083 , 41 - 083 ,-1.0
 41 - 083 , 40 - 083 ,1.0
 41 - 084 , 41 - 084 ,-1.0
 41 - 084 , 40 - 084 ,0.99
 41 - 084 , 39 - 083 ,0.01
 41 - 085 , 41 - 085 ,-1.0
 41 - 085 , 40 - 085 ,1.0
 41 - 086 , 41 - 086 ,-1.0
 41 - 086 , 40 - 086 ,1.0
 41 - 087 , 41 - 087 ,-1.0
 41 - 087 , 40 - 087 ,1.0
 41 - 088 , 41 - 088 ,-1.0
 41 - 088 , 40 - 088 ,1.0
 41 - 089 , 41 - 089 ,-1.0
 41 - 089 , 40 - 089 ,1.0
 41 - 090 , 41 - 090 ,-1.0
 41 - 090 , 40 - 090 ,1.0
 41 - 091 , 41 - 091 ,-1.0
 41 - 091 , 40 - 091 ,1.0
 41 - 092 , 41 - 092 ,-1.0
 41 - 092 , 40 - 092 ,0.9995
 41 - 092 , 42 - 092 ,0.0005
 41 - 093 , 41 - 093 ,-1.0
 41 - 094 , 41 - 094 ,-1.0
 41 - 094 , 42 - 094 ,1.0
 41 - 095 , 41 - 095 ,-1.0
 41 - 095 , 42 - 095 ,1.0
 41 - 096 , 41 - 096 ,-1.0
 41 - 096 , 42 - 096 ,1.0
 41 - 097 , 41 - 097 ,-1.0
 41 - 097 , 42 - 097 ,1.0
 41 - 098 , 41 - 098 ,-1.0
 41 - 098 , 42 - 098 ,1.0
 41 - 099 , 41 - 099 ,-1.0
 41 - 099 , 42 - 099 ,1.0
 41 - 100 , 41 - 100 ,-1.0
 41 - 100 , 42 - 100 ,1.0
 41 - 101 , 41 - 101 ,-1.0
 41 - 101 , 42 - 101 ,1.0
 41 - 102 , 41 - 102 ,-1.0
 41 - 102 , 42 - 102 ,1.0
 41 - 103 , 41 - 103 ,-1.0
 41 - 103 , 42 - 103 ,1.0
 41 - 104 , 41 - 104 ,-1.0
 41 - 104 , 42 - 104 ,0.999
 41 - 104 , 42 - 103 ,0.001
 41 - 105 , 41 - 105 ,-1.0
 41 - 105 , 42 - 105 ,0.983
 41 - 105 , 42 - 104 ,0.017
 41 - 106 , 41 - 106 ,-1.0
 41 - 106 , 42 - 106 ,0.955
 41 - 106 , 42 - 105 ,0.045
 41 - 107 , 41 - 107 ,-1.0
 41 - 107 , 42 - 107 ,0.94
 41 - 107 , 42 - 106 ,0.06
 41 - 108 , 41 - 108 ,-1.0
 41 - 108 , 42 - 108 ,0.938
 41 - 108 , 42 - 107 ,0.062
 41 - 109 , 41 - 109 ,-1.0
 41 - 109 , 42 - 109 ,0.69
 41 - 109 , 42 - 108 ,0.31
 41 - 110 , 41 - 110 ,-1.0
 41 - 110 , 42 - 110 ,0.6
 41 - 110 , 42 - 109 ,0.4
 41 - 111 , 41 - 111 ,-1.0
 41 - 111 , 42 - 111 ,1.0
 41 - 112 , 41 - 112 ,-1.0
 41 - 112 , 42 - 112 ,1.0
 41 - 113 , 41 - 113 ,-1.0
 41 - 113 , 42 - 113 ,1.0
 42 - 083 , 42 - 083 ,-1.0
 42 - 083 , 41 - 083 ,0.99
 42 - 083 , 40 - 083 ,0.01
 42 - 084 , 42 - 084 ,-1.0
 42 - 084 , 41 - 084 ,0.99
 42 - 084 , 40 - 083 ,0.01
 42 - 085 , 42 - 085 ,-1.0
 42 - 085 , 41 - 085 ,0.99
 42 - 085 , 40 - 084 ,0.01
 42 - 086 , 42 - 086 ,-1.0
 42 - 086 , 41 - 086 ,1.0
 42 - 087 , 42 - 087 ,-1.0
 42 - 087 , 41 - 087 ,0.85
 42 - 087 , 40 - 086 ,0.15
 42 - 088 , 42 - 088 ,-1.0
 42 - 088 , 41 - 088 ,1.0
 42 - 089 , 42 - 089 ,-1.0
 42 - 089 , 41 - 089 ,1.0
 42 - 090 , 42 - 090 ,-1.0
 42 - 090 , 41 - 090 ,1.0
 42 - 091 , 42 - 091 ,-1.0
 42 - 091 , 41 - 091 ,1.0
 42 - 092 , 42 - 092 ,-1.0
 42 - 092 , 40 - 092 ,1.0
 42 - 093 , 42 - 093 ,-1.0
 42 - 093 , 41 - 093 ,1.0
 42 - 094 , 42 - 094 ,-1.0
 42 - 095 , 42 - 095 ,-1.0
 42 - 096 , 42 - 096 ,-1.0
 42 - 097 , 42 - 097 ,-1.0
 42 - 098 , 42 - 098 ,-1.0
 42 - 098 , 44 - 098 ,1.0
 42 - 099 , 42 - 099 ,-1.0
 42 - 099 , 43 - 099 ,1.0
 42 - 100 , 42 - 100 ,-1.0
 42 - 100 , 44 - 100 ,1.0
 42 - 101 , 42 - 101 ,-1.0
 42 - 101 , 43 - 101 ,1.0
 42 - 102 , 42 - 102 ,-1.0
 42 - 102 , 43 - 102 ,1.0
 42 - 103 , 42 - 103 ,-1.0
 42 - 103 , 43 - 103 ,1.0
 42 - 104 , 42 - 104 ,-1.0
 42 - 104 , 43 - 104 ,1.0
 42 - 105 , 42 - 105 ,-1.0
 42 - 105 , 43 - 105 ,1.0
 42 - 106 , 42 - 106 ,-1.0
 42 - 106 , 43 - 106 ,1.0
 42 - 107 , 42 - 107 ,-1.0
 42 - 107 , 43 - 107 ,1.0
 42 - 108 , 42 - 108 ,-1.0
 42 - 108 , 43 - 108 ,1.0
 42 - 109 , 42 - 109 ,-1.0
 42 - 109 , 43 - 109 ,1.0
 42 - 110 , 42 - 110 ,-1.0
 42 - 110 , 43 - 110 ,0.99
 42 - 110 , 43 - 109 ,0.01
 42 - 111 , 42 - 111 ,-1.0
 42 - 111 , 43 - 111 ,1.0
 42 - 112 , 42 - 112 ,-1.0
 42 - 112 , 43 - 112 ,1.0
 42 - 113 , 42 - 113 ,-1.0
 42 - 113 , 43 - 113 ,1.0
 42 - 114 , 42 - 114 ,-1.0
 42 - 114 , 43 - 114 ,1.0
 42 - 115 , 42 - 115 ,-1.0
 42 - 115 , 43 - 115 ,1.0
 42 - 115 , 43 - 114 ,0.0
 43 - 085 , 43 - 085 ,-1.0
 43 - 085 , 42 - 084 ,0.0
 43 - 085 , 42 - 085 ,1.0
 43 - 085 , 41 - 084 ,0.0
 43 - 086 , 43 - 086 ,-1.0
 43 - 086 , 42 - 086 ,0.99
 43 - 086 , 41 - 085 ,0.01
 43 - 087 , 43 - 087 ,-1.0
 43 - 087 , 42 - 087 ,0.99
 43 - 087 , 41 - 086 ,0.01
 43 - 088 , 43 - 088 ,-1.0
 43 - 088 , 42 - 088 ,1.0
 43 - 089 , 43 - 089 ,-1.0
 43 - 089 , 42 - 089 ,1.0
 43 - 090 , 43 - 090 ,-1.0
 43 - 090 , 42 - 090 ,1.0
 43 - 091 , 43 - 091 ,-1.0
 43 - 091 , 42 - 091 ,1.0
 43 - 092 , 43 - 092 ,-1.0
 43 - 092 , 42 - 092 ,1.0
 43 - 093 , 43 - 093 ,-1.0
 43 - 093 , 42 - 093 ,1.0
 43 - 094 , 43 - 094 ,-1.0
 43 - 094 , 42 - 094 ,1.0
 43 - 095 , 43 - 095 ,-1.0
 43 - 095 , 42 - 095 ,1.0
 43 - 096 , 43 - 096 ,-1.0
 43 - 096 , 42 - 096 ,1.0
 43 - 097 , 43 - 097 ,-1.0
 43 - 097 , 42 - 097 ,1.0
 43 - 098 , 43 - 098 ,-1.0
 43 - 098 , 44 - 098 ,1.0
 43 - 098 , 42 - 098 ,0.0
 43 - 099 , 43 - 099 ,-1.0
 43 - 099 , 44 - 099 ,1.0
 43 - 100 , 43 - 100 ,-1.0
 43 - 100 , 44 - 100 ,0.9999
 43 - 100 , 42 - 100 ,0.0001
 43 - 101 , 43 - 101 ,-1.0
 43 - 101 , 44 - 101 ,1.0
 43 - 102 , 43 - 102 ,-1.0
 43 - 102 , 44 - 102 ,1.0
 43 - 103 , 43 - 103 ,-1.0
 43 - 103 , 44 - 103 ,1.0
 43 - 104 , 43 - 104 ,-1.0
 43 - 104 , 44 - 104 ,1.0
 43 - 105 , 43 - 105 ,-1.0
 43 - 105 , 44 - 105 ,1.0
 43 - 106 , 43 - 106 ,-1.0
 43 - 106 , 44 - 106 ,1.0
 43 - 107 , 43 - 107 ,-1.0
 43 - 107 , 44 - 107 ,1.0
 43 - 108 , 43 - 108 ,-1.0
 43 - 108 , 44 - 108 ,1.0
 43 - 109 , 43 - 109 ,-1.0
 43 - 109 , 44 - 109 ,0.9999
 43 - 109 , 44 - 108 ,0.0001
 43 - 110 , 43 - 110 ,-1.0
 43 - 110 , 44 - 110 ,0.9996
 43 - 110 , 44 - 109 ,0.0004
 43 - 111 , 43 - 111 ,-1.0
 43 - 111 , 44 - 111 ,0.9915
 43 - 111 , 44 - 110 ,0.0085
 43 - 112 , 43 - 112 ,-1.0
 43 - 112 , 44 - 112 ,0.985
 43 - 112 , 44 - 111 ,0.015
 43 - 113 , 43 - 113 ,-1.0
 43 - 113 , 44 - 113 ,0.979
 43 - 113 , 44 - 112 ,0.021
 43 - 114 , 43 - 114 ,-1.0
 43 - 114 , 44 - 114 ,0.99
 43 - 114 , 44 - 113 ,0.01
 43 - 115 , 43 - 115 ,-1.0
 43 - 115 , 44 - 115 ,0.99
 43 - 115 , 44 - 114 ,0.01
 43 - 116 , 43 - 116 ,-1.0
 43 - 116 , 44 - 116 ,1.0
 43 - 117 , 43 - 117 ,-1.0
 43 - 117 , 44 - 117 ,1.0
 43 - 118 , 43 - 118 ,-1.0
 43 - 118 , 44 - 118 ,1.0
 44 - 087 , 44 - 087 ,-1.0
 44 - 087 , 43 - 087 ,1.0
 44 - 088 , 44 - 088 ,-1.0
 44 - 088 , 43 - 088 ,0.99
 44 - 088 , 42 - 088 ,0.01
 44 - 089 , 44 - 089 ,-1.0
 44 - 089 , 43 - 089 ,0.99
 44 - 089 , 42 - 089 ,0.01
 44 - 090 , 44 - 090 ,-1.0
 44 - 090 , 43 - 090 ,1.0
 44 - 091 , 44 - 091 ,-1.0
 44 - 091 , 43 - 091 ,1.0
 44 - 092 , 44 - 092 ,-1.0
 44 - 092 , 43 - 092 ,1.0
 44 - 093 , 44 - 093 ,-1.0
 44 - 093 , 43 - 093 ,1.0
 44 - 094 , 44 - 094 ,-1.0
 44 - 094 , 43 - 094 ,1.0
 44 - 095 , 44 - 095 ,-1.0
 44 - 095 , 43 - 095 ,1.0
 44 - 096 , 44 - 096 ,-1.0
 44 - 096 , 42 - 096 ,1.0
 44 - 097 , 44 - 097 ,-1.0
 44 - 097 , 43 - 097 ,1.0
 44 - 098 , 44 - 098 ,-1.0
 44 - 099 , 44 - 099 ,-1.0
 44 - 100 , 44 - 100 ,-1.0
 44 - 101 , 44 - 101 ,-1.0
 44 - 102 , 44 - 102 ,-1.0
 44 - 103 , 44 - 103 ,-1.0
 44 - 103 , 45 - 103 ,1.0
 44 - 104 , 44 - 104 ,-1.0
 44 - 104 , 46 - 104 ,1.0
 44 - 105 , 44 - 105 ,-1.0
 44 - 105 , 45 - 105 ,1.0
 44 - 106 , 44 - 106 ,-1.0
 44 - 106 , 45 - 106 ,1.0
 44 - 107 , 44 - 107 ,-1.0
 44 - 107 , 45 - 107 ,1.0
 44 - 108 , 44 - 108 ,-1.0
 44 - 108 , 45 - 108 ,1.0
 44 - 109 , 44 - 109 ,-1.0
 44 - 109 , 45 - 109 ,1.0
 44 - 110 , 44 - 110 ,-1.0
 44 - 110 , 45 - 110 ,1.0
 44 - 111 , 44 - 111 ,-1.0
 44 - 111 , 45 - 111 ,1.0
 44 - 112 , 44 - 112 ,-1.0
 44 - 112 , 45 - 112 ,1.0
 44 - 113 , 44 - 113 ,-1.0
 44 - 113 , 45 - 113 ,1.0
 44 - 114 , 44 - 114 ,-1.0
 44 - 114 , 45 - 114 ,0.99
 44 - 114 , 45 - 113 ,0.01
 44 - 115 , 44 - 115 ,-1.0
 44 - 115 , 45 - 115 ,0.99
 44 - 115 , 45 - 114 ,0.01
 44 - 116 , 44 - 116 ,-1.0
 44 - 116 , 45 - 116 ,1.0
 44 - 117 , 44 - 117 ,-1.0
 44 - 117 , 45 - 117 ,1.0
 44 - 118 , 44 - 118 ,-1.0
 44 - 118 , 45 - 118 ,1.0
 44 - 119 , 44 - 119 ,-1.0
 44 - 119 , 45 - 119 ,1.0
 44 - 120 , 44 - 120 ,-1.0
 44 - 120 , 45 - 120 ,1.0
 45 - 089 , 45 - 089 ,-1.0
 45 - 089 , 44 - 089 ,1.0
 45 - 090 , 45 - 090 ,-1.0
 45 - 090 , 44 - 090 ,0.99
 45 - 090 , 43 - 089 ,0.01
 45 - 091 , 45 - 091 ,-1.0
 45 - 091 , 44 - 091 ,0.99
 45 - 091 , 43 - 090 ,0.01
 45 - 092 , 45 - 092 ,-1.0
 45 - 092 , 44 - 092 ,0.99
 45 - 092 , 43 - 091 ,0.01
 45 - 093 , 45 - 093 ,-1.0
 45 - 093 , 44 - 093 ,0.99
 45 - 093 , 43 - 092 ,0.01
 45 - 094 , 45 - 094 ,-1.0
 45 - 094 , 44 - 094 ,0.982
 45 - 094 , 43 - 093 ,0.018
 45 - 095 , 45 - 095 ,-1.0
 45 - 095 , 44 - 095 ,1.0
 45 - 096 , 45 - 096 ,-1.0
 45 - 096 , 44 - 096 ,1.0
 45 - 097 , 45 - 097 ,-1.0
 45 - 097 , 44 - 097 ,1.0
 45 - 098 , 45 - 098 ,-1.0
 45 - 098 , 44 - 098 ,1.0
 45 - 099 , 45 - 099 ,-1.0
 45 - 099 , 44 - 099 ,1.0
 45 - 100 , 45 - 100 ,-1.0
 45 - 100 , 44 - 100 ,1.0
 45 - 101 , 45 - 101 ,-1.0
 45 - 101 , 44 - 101 ,1.0
 45 - 102 , 45 - 102 ,-1.0
 45 - 102 , 44 - 102 ,0.78
 45 - 102 , 46 - 102 ,0.22
 45 - 103 , 45 - 103 ,-1.0
 45 - 104 , 45 - 104 ,-1.0
 45 - 104 , 46 - 104 ,0.9955
 45 - 104 , 44 - 104 ,0.0045
 45 - 105 , 45 - 105 ,-1.0
 45 - 105 , 46 - 105 ,1.0
 45 - 106 , 45 - 106 ,-1.0
 45 - 106 , 46 - 106 ,1.0
 45 - 107 , 45 - 107 ,-1.0
 45 - 107 , 46 - 107 ,1.0
 45 - 108 , 45 - 108 ,-1.0
 45 - 108 , 46 - 108 ,1.0
 45 - 109 , 45 - 109 ,-1.0
 45 - 109 , 46 - 109 ,1.0
 45 - 110 , 45 - 110 ,-1.0
 45 - 110 , 46 - 110 ,1.0
 45 - 111 , 45 - 111 ,-1.0
 45 - 111 , 46 - 111 ,1.0
 45 - 112 , 45 - 112 ,-1.0
 45 - 112 , 46 - 112 ,1.0
 45 - 113 , 45 - 113 ,-1.0
 45 - 113 , 46 - 113 ,1.0
 45 - 114 , 45 - 114 ,-1.0
 45 - 114 , 46 - 114 ,0.99
 45 - 114 , 46 - 113 ,0.01
 45 - 115 , 45 - 115 ,-1.0
 45 - 115 , 46 - 115 ,1.0
 45 - 116 , 45 - 116 ,-1.0
 45 - 116 , 46 - 116 ,0.99
 45 - 116 , 46 - 115 ,0.01
 45 - 117 , 45 - 117 ,-1.0
 45 - 117 , 46 - 117 ,1.0
 45 - 118 , 45 - 118 ,-1.0
 45 - 118 , 46 - 118 ,1.0
 45 - 119 , 45 - 119 ,-1.0
 45 - 119 , 46 - 119 ,1.0
 45 - 120 , 45 - 120 ,-1.0
 45 - 120 , 46 - 120 ,1.0
 45 - 121 , 45 - 121 ,-1.0
 45 - 121 , 46 - 121 ,1.0
 45 - 122 , 45 - 122 ,-1.0
 45 - 122 , 46 - 122 ,1.0
 46 - 091 , 46 - 091 ,-1.0
 46 - 091 , 45 - 091 ,1.0
 46 - 092 , 46 - 092 ,-1.0
 46 - 092 , 45 - 092 ,0.99
 46 - 092 , 44 - 091 ,0.01
 46 - 093 , 46 - 093 ,-1.0
 46 - 093 , 45 - 093 ,0.99
 46 - 093 , 44 - 092 ,0.01
 46 - 094 , 46 - 094 ,-1.0
 46 - 094 , 45 - 094 ,1.0
 46 - 095 , 46 - 095 ,-1.0
 46 - 095 , 45 - 095 ,1.0
 46 - 096 , 46 - 096 ,-1.0
 46 - 096 , 45 - 096 ,1.0
 46 - 097 , 46 - 097 ,-1.0
 46 - 097 , 45 - 097 ,1.0
 46 - 098 , 46 - 098 ,-1.0
 46 - 098 , 45 - 098 ,1.0
 46 - 099 , 46 - 099 ,-1.0
 46 - 099 , 45 - 099 ,1.0
 46 - 100 , 46 - 100 ,-1.0
 46 - 100 , 45 - 100 ,1.0
 46 - 101 , 46 - 101 ,-1.0
 46 - 101 , 45 - 101 ,1.0
 46 - 102 , 46 - 102 ,-1.0
 46 - 102 , 45 - 102 ,1.0
 46 - 103 , 46 - 103 ,-1.0
 46 - 103 , 45 - 103 ,1.0
 46 - 104 , 46 - 104 ,-1.0
 46 - 105 , 46 - 105 ,-1.0
 46 - 106 , 46 - 106 ,-1.0
 46 - 107 , 46 - 107 ,-1.0
 46 - 107 , 47 - 107 ,1.0
 46 - 108 , 46 - 108 ,-1.0
 46 - 109 , 46 - 109 ,-1.0
 46 - 109 , 47 - 109 ,1.0
 46 - 110 , 46 - 110 ,-1.0
 46 - 110 , 48 - 110 ,1.0
 46 - 111 , 46 - 111 ,-1.0
 46 - 111 , 47 - 111 ,1.0
 46 - 112 , 46 - 112 ,-1.0
 46 - 112 , 47 - 112 ,1.0
 46 - 113 , 46 - 113 ,-1.0
 46 - 113 , 47 - 113 ,1.0
 46 - 114 , 46 - 114 ,-1.0
 46 - 114 , 47 - 114 ,1.0
 46 - 115 , 46 - 115 ,-1.0
 46 - 115 , 47 - 115 ,1.0
 46 - 116 , 46 - 116 ,-1.0
 46 - 116 , 47 - 116 ,1.0
 46 - 117 , 46 - 117 ,-1.0
 46 - 117 , 47 - 117 ,1.0
 46 - 118 , 46 - 118 ,-1.0
 46 - 118 , 47 - 118 ,1.0
 46 - 119 , 46 - 119 ,-1.0
 46 - 119 , 47 - 119 ,1.0
 46 - 120 , 46 - 120 ,-1.0
 46 - 120 , 47 - 120 ,1.0
 46 - 121 , 46 - 121 ,-1.0
 46 - 121 , 47 - 121 ,1.0
 46 - 122 , 46 - 122 ,-1.0
 46 - 122 , 47 - 122 ,1.0
 46 - 123 , 46 - 123 ,-1.0
 46 - 123 , 47 - 123 ,1.0
 46 - 124 , 46 - 124 ,-1.0
 46 - 124 , 47 - 124 ,1.0
 47 - 093 , 47 - 093 ,-1.0
 47 - 093 , 46 - 092 ,1.0
 47 - 093 , 46 - 093 ,0.0
 47 - 094 , 47 - 094 ,-1.0
 47 - 094 , 46 - 094 ,0.99
 47 - 094 , 45 - 093 ,0.01
 47 - 095 , 47 - 095 ,-1.0
 47 - 095 , 46 - 095 ,0.99
 47 - 095 , 45 - 094 ,0.01
 47 - 096 , 47 - 096 ,-1.0
 47 - 096 , 46 - 096 ,0.903
 47 - 096 , 45 - 095 ,0.097
 47 - 097 , 47 - 097 ,-1.0
 47 - 097 , 46 - 097 ,1.0
 47 - 098 , 47 - 098 ,-1.0
 47 - 098 , 46 - 098 ,0.99999
 47 - 098 , 45 - 097 ,1e-05
 47 - 099 , 47 - 099 ,-1.0
 47 - 099 , 46 - 099 ,1.0
 47 - 100 , 47 - 100 ,-1.0
 47 - 100 , 46 - 100 ,1.0
 47 - 101 , 47 - 101 ,-1.0
 47 - 101 , 46 - 101 ,1.0
 47 - 102 , 47 - 102 ,-1.0
 47 - 102 , 46 - 102 ,1.0
 47 - 103 , 47 - 103 ,-1.0
 47 - 103 , 46 - 103 ,1.0
 47 - 104 , 47 - 104 ,-1.0
 47 - 104 , 46 - 104 ,1.0
 47 - 105 , 47 - 105 ,-1.0
 47 - 105 , 46 - 105 ,1.0
 47 - 106 , 47 - 106 ,-1.0
 47 - 106 , 46 - 106 ,0.995
 47 - 106 , 48 - 106 ,0.005
 47 - 107 , 47 - 107 ,-1.0
 47 - 108 , 47 - 108 ,-1.0
 47 - 108 , 48 - 108 ,0.9715
 47 - 108 , 46 - 108 ,0.0285
 47 - 109 , 47 - 109 ,-1.0
 47 - 110 , 47 - 110 ,-1.0
 47 - 110 , 48 - 110 ,0.997
 47 - 110 , 46 - 110 ,0.003
 47 - 111 , 47 - 111 ,-1.0
 47 - 111 , 48 - 111 ,1.0
 47 - 112 , 47 - 112 ,-1.0
 47 - 112 , 48 - 112 ,1.0
 47 - 113 , 47 - 113 ,-1.0
 47 - 113 , 48 - 113 ,1.0
 47 - 114 , 47 - 114 ,-1.0
 47 - 114 , 48 - 114 ,1.0
 47 - 115 , 47 - 115 ,-1.0
 47 - 115 , 48 - 115 ,1.0
 47 - 116 , 47 - 116 ,-1.0
 47 - 116 , 48 - 116 ,1.0
 47 - 117 , 47 - 117 ,-1.0
 47 - 117 , 48 - 117 ,1.0
 47 - 118 , 47 - 118 ,-1.0
 47 - 118 , 48 - 118 ,1.0
 47 - 119 , 47 - 119 ,-1.0
 47 - 119 , 48 - 119 ,1.0
 47 - 120 , 47 - 120 ,-1.0
 47 - 120 , 48 - 120 ,0.99997
 47 - 120 , 48 - 119 ,3e-05
 47 - 121 , 47 - 121 ,-1.0
 47 - 121 , 48 - 121 ,0.9992
 47 - 121 , 48 - 120 ,0.0008
 47 - 122 , 47 - 122 ,-1.0
 47 - 122 , 48 - 122 ,0.99814
 47 - 122 , 48 - 121 ,0.00186
 47 - 123 , 47 - 123 ,-1.0
 47 - 123 , 48 - 123 ,0.9945
 47 - 123 , 48 - 122 ,0.0055
 47 - 124 , 47 - 124 ,-1.0
 47 - 124 , 48 - 124 ,0.999
 47 - 124 , 48 - 123 ,0.001
 47 - 125 , 47 - 125 ,-1.0
 47 - 125 , 48 - 125 ,0.99
 47 - 125 , 48 - 124 ,0.01
 47 - 126 , 47 - 126 ,-1.0
 47 - 126 , 48 - 126 ,0.99
 47 - 126 , 48 - 125 ,0.01
 47 - 127 , 47 - 127 ,-1.0
 47 - 127 , 48 - 127 ,0.99
 47 - 127 , 48 - 126 ,0.01
 47 - 128 , 47 - 128 ,-1.0
 47 - 128 , 48 - 128 ,0.99
 47 - 128 , 48 - 127 ,0.01
 47 - 129 , 47 - 129 ,-1.0
 47 - 129 , 48 - 129 ,0.99
 47 - 129 , 48 - 128 ,0.01
 47 - 130 , 47 - 130 ,-1.0
 47 - 130 , 48 - 130 ,0.99
 47 - 130 , 48 - 129 ,0.01
 48 - 095 , 48 - 095 ,-1.0
 48 - 095 , 47 - 095 ,1.0
 48 - 095 , 46 - 094 ,0.0
 48 - 096 , 48 - 096 ,-1.0
 48 - 096 , 47 - 096 ,1.0
 48 - 097 , 48 - 097 ,-1.0
 48 - 097 , 47 - 097 ,0.99
 48 - 097 , 46 - 096 ,0.01
 48 - 098 , 48 - 098 ,-1.0
 48 - 098 , 47 - 098 ,0.99975
 48 - 098 , 46 - 097 ,0.00025
 48 - 099 , 48 - 099 ,-1.0
 48 - 099 , 47 - 099 ,0.9979
 48 - 099 , 46 - 098 ,0.0021
 48 - 099 , 45 - 095 ,0.0
 48 - 100 , 48 - 100 ,-1.0
 48 - 100 , 47 - 100 ,1.0
 48 - 101 , 48 - 101 ,-1.0
 48 - 101 , 47 - 101 ,1.0
 48 - 102 , 48 - 102 ,-1.0
 48 - 102 , 47 - 102 ,1.0
 48 - 103 , 48 - 103 ,-1.0
 48 - 103 , 47 - 103 ,1.0
 48 - 104 , 48 - 104 ,-1.0
 48 - 104 , 47 - 104 ,1.0
 48 - 105 , 48 - 105 ,-1.0
 48 - 105 , 47 - 105 ,1.0
 48 - 106 , 48 - 106 ,-1.0
 48 - 106 , 46 - 106 ,1.0
 48 - 107 , 48 - 107 ,-1.0
 48 - 107 , 47 - 107 ,1.0
 48 - 108 , 48 - 108 ,-1.0
 48 - 108 , 46 - 108 ,1.0
 48 - 109 , 48 - 109 ,-1.0
 48 - 109 , 47 - 109 ,1.0
 48 - 110 , 48 - 110 ,-1.0
 48 - 111 , 48 - 111 ,-1.0
 48 - 112 , 48 - 112 ,-1.0
 48 - 113 , 48 - 113 ,-1.0
 48 - 113 , 49 - 113 ,1.0
 48 - 114 , 48 - 114 ,-1.0
 48 - 114 , 50 - 114 ,1.0
 48 - 115 , 48 - 115 ,-1.0
 48 - 115 , 49 - 115 ,1.0
 48 - 116 , 48 - 116 ,-1.0
 48 - 116 , 50 - 116 ,1.0
 48 - 117 , 48 - 117 ,-1.0
 48 - 117 , 49 - 117 ,1.0
 48 - 118 , 48 - 118 ,-1.0
 48 - 118 , 49 - 118 ,1.0
 48 - 119 , 48 - 119 ,-1.0
 48 - 119 , 49 - 119 ,1.0
 48 - 120 , 48 - 120 ,-1.0
 48 - 120 , 49 - 120 ,1.0
 48 - 121 , 48 - 121 ,-1.0
 48 - 121 , 49 - 121 ,1.0
 48 - 122 , 48 - 122 ,-1.0
 48 - 122 , 49 - 122 ,1.0
 48 - 123 , 48 - 123 ,-1.0
 48 - 123 , 49 - 123 ,1.0
 48 - 124 , 48 - 124 ,-1.0
 48 - 124 , 49 - 124 ,1.0
 48 - 125 , 48 - 125 ,-1.0
 48 - 125 , 49 - 125 ,1.0
 48 - 126 , 48 - 126 ,-1.0
 48 - 126 , 49 - 126 ,1.0
 48 - 127 , 48 - 127 ,-1.0
 48 - 127 , 49 - 127 ,1.0
 48 - 128 , 48 - 128 ,-1.0
 48 - 128 , 49 - 128 ,1.0
 48 - 129 , 48 - 129 ,-1.0
 48 - 129 , 49 - 129 ,0.99
 48 - 129 , 49 - 128 ,0.01
 48 - 130 , 48 - 130 ,-1.0
 48 - 130 , 49 - 130 ,0.965
 48 - 130 , 49 - 129 ,0.035
 48 - 131 , 48 - 131 ,-1.0
 48 - 131 , 49 - 131 ,0.965
 48 - 131 , 49 - 130 ,0.035
 48 - 132 , 48 - 132 ,-1.0
 48 - 132 , 49 - 131 ,0.6
 48 - 132 , 49 - 132 ,0.4
 49 - 097 , 49 - 097 ,-1.0
 49 - 097 , 48 - 096 ,1.0
 49 - 097 , 48 - 097 ,0.0
 49 - 098 , 49 - 098 ,-1.0
 49 - 098 , 48 - 098 ,0.99
 49 - 098 , 47 - 097 ,0.01
 49 - 099 , 49 - 099 ,-1.0
 49 - 099 , 48 - 099 ,0.99
 49 - 099 , 47 - 098 ,0.01
 49 - 100 , 49 - 100 ,-1.0
 49 - 100 , 48 - 100 ,0.961
 49 - 100 , 47 - 099 ,0.039
 49 - 101 , 49 - 101 ,-1.0
 49 - 101 , 48 - 101 ,0.99
 49 - 101 , 47 - 100 ,0.01
 49 - 102 , 49 - 102 ,-1.0
 49 - 102 , 48 - 102 ,0.999
 49 - 102 , 47 - 101 ,0.001
 49 - 103 , 49 - 103 ,-1.0
 49 - 103 , 48 - 103 ,1.0
 49 - 104 , 49 - 104 ,-1.0
 49 - 104 , 48 - 104 ,1.0
 49 - 105 , 49 - 105 ,-1.0
 49 - 105 , 48 - 105 ,1.0
 49 - 106 , 49 - 106 ,-1.0
 49 - 106 , 48 - 106 ,1.0
 49 - 107 , 49 - 107 ,-1.0
 49 - 107 , 48 - 107 ,1.0
 49 - 108 , 49 - 108 ,-1.0
 49 - 108 , 48 - 108 ,1.0
 49 - 109 , 49 - 109 ,-1.0
 49 - 109 , 48 - 109 ,1.0
 49 - 110 , 49 - 110 ,-1.0
 49 - 110 , 48 - 110 ,1.0
 49 - 111 , 49 - 111 ,-1.0
 49 - 111 , 48 - 111 ,1.0
 49 - 112 , 49 - 112 ,-1.0
 49 - 112 , 48 - 112 ,0.56
 49 - 112 , 50 - 112 ,0.44
 49 - 113 , 49 - 113 ,-1.0
 49 - 114 , 49 - 114 ,-1.0
 49 - 114 , 50 - 114 ,0.995
 49 - 114 , 48 - 114 ,0.005
 49 - 115 , 49 - 115 ,-1.0
 49 - 115 , 50 - 115 ,1.0
 49 - 116 , 49 - 116 ,-1.0
 49 - 116 , 50 - 116 ,0.998
 49 - 116 , 48 - 116 ,0.002
 49 - 117 , 49 - 117 ,-1.0
 49 - 117 , 50 - 117 ,1.0
 49 - 118 , 49 - 118 ,-1.0
 49 - 118 , 50 - 118 ,1.0
 49 - 119 , 49 - 119 ,-1.0
 49 - 119 , 50 - 119 ,1.0
 49 - 120 , 49 - 120 ,-1.0
 49 - 120 , 50 - 120 ,1.0
 49 - 121 , 49 - 121 ,-1.0
 49 - 121 , 50 - 121 ,1.0
 49 - 122 , 49 - 122 ,-1.0
 49 - 122 , 50 - 122 ,1.0
 49 - 123 , 49 - 123 ,-1.0
 49 - 123 , 50 - 123 ,1.0
 49 - 124 , 49 - 124 ,-1.0
 49 - 124 , 50 - 124 ,1.0
 49 - 125 , 49 - 125 ,-1.0
 49 - 125 , 50 - 125 ,1.0
 49 - 126 , 49 - 126 ,-1.0
 49 - 126 , 50 - 126 ,1.0
 49 - 127 , 49 - 127 ,-1.0
 49 - 127 , 50 - 127 ,0.9997
 49 - 127 , 50 - 126 ,0.0003
 49 - 128 , 49 - 128 ,-1.0
 49 - 128 , 50 - 128 ,0.99962
 49 - 128 , 50 - 127 ,0.00038
 49 - 129 , 49 - 129 ,-1.0
 49 - 129 , 50 - 129 ,0.9975
 49 - 129 , 50 - 128 ,0.0025
 49 - 130 , 49 - 130 ,-1.0
 49 - 130 , 50 - 130 ,0.99
 49 - 130 , 50 - 129 ,0.01
 49 - 131 , 49 - 131 ,-1.0
 49 - 131 , 50 - 131 ,0.98
 49 - 131 , 50 - 130 ,0.02
 49 - 132 , 49 - 132 ,-1.0
 49 - 132 , 50 - 132 ,0.94
 49 - 132 , 50 - 131 ,0.06
 49 - 133 , 49 - 133 ,-1.0
 49 - 133 , 50 - 132 ,0.85
 49 - 133 , 50 - 133 ,0.15
 49 - 134 , 49 - 134 ,-1.0
 49 - 134 , 50 - 133 ,0.65
 49 - 134 , 50 - 134 ,0.31
 49 - 134 , 50 - 132 ,0.04
 49 - 135 , 49 - 135 ,-1.0
 49 - 135 , 50 - 135 ,1.0
 49 - 135 , 50 - 134 ,0.0
 50 - 099 , 50 - 099 ,-1.0
 50 - 099 , 49 - 099 ,1.0
 50 - 099 , 48 - 098 ,0.0
 50 - 100 , 50 - 100 ,-1.0
 50 - 100 , 49 - 100 ,0.83
 50 - 100 , 48 - 099 ,0.17
 50 - 101 , 50 - 101 ,-1.0
 50 - 101 , 49 - 101 ,0.99
 50 - 101 , 48 - 100 ,0.01
 50 - 102 , 50 - 102 ,-1.0
 50 - 102 , 49 - 102 ,0.99
 50 - 102 , 48 - 101 ,0.01
 50 - 103 , 50 - 103 ,-1.0
 50 - 103 , 49 - 103 ,0.99
 50 - 103 , 48 - 102 ,0.01
 50 - 104 , 50 - 104 ,-1.0
 50 - 104 , 49 - 104 ,1.0
 50 - 105 , 50 - 105 ,-1.0
 50 - 105 , 49 - 105 ,0.99
 50 - 105 , 48 - 104 ,0.01
 50 - 106 , 50 - 106 ,-1.0
 50 - 106 , 49 - 106 ,1.0
 50 - 107 , 50 - 107 ,-1.0
 50 - 107 , 49 - 107 ,1.0
 50 - 108 , 50 - 108 ,-1.0
 50 - 108 , 49 - 108 ,1.0
 50 - 109 , 50 - 109 ,-1.0
 50 - 109 , 49 - 109 ,1.0
 50 - 110 , 50 - 110 ,-1.0
 50 - 110 , 49 - 110 ,1.0
 50 - 111 , 50 - 111 ,-1.0
 50 - 111 , 49 - 111 ,1.0
 50 - 112 , 50 - 112 ,-1.0
 50 - 112 , 48 - 112 ,1.0
 50 - 113 , 50 - 113 ,-1.0
 50 - 113 , 49 - 113 ,1.0
 50 - 114 , 50 - 114 ,-1.0
 50 - 115 , 50 - 115 ,-1.0
 50 - 116 , 50 - 116 ,-1.0
 50 - 117 , 50 - 117 ,-1.0
 50 - 118 , 50 - 118 ,-1.0
 50 - 119 , 50 - 119 ,-1.0
 50 - 120 , 50 - 120 ,-1.0
 50 - 121 , 50 - 121 ,-1.0
 50 - 121 , 51 - 121 ,1.0
 50 - 122 , 50 - 122 ,-1.0
 50 - 122 , 52 - 122 ,1.0
 50 - 123 , 50 - 123 ,-1.0
 50 - 123 , 51 - 123 ,1.0
 50 - 124 , 50 - 124 ,-1.0
 50 - 124 , 52 - 124 ,1.0
 50 - 125 , 50 - 125 ,-1.0
 50 - 125 , 51 - 125 ,1.0
 50 - 126 , 50 - 126 ,-1.0
 50 - 126 , 51 - 126 ,1.0
 50 - 127 , 50 - 127 ,-1.0
 50 - 127 , 51 - 127 ,1.0
 50 - 128 , 50 - 128 ,-1.0
 50 - 128 , 51 - 128 ,1.0
 50 - 129 , 50 - 129 ,-1.0
 50 - 129 , 51 - 129 ,1.0
 50 - 130 , 50 - 130 ,-1.0
 50 - 130 , 51 - 130 ,1.0
 50 - 131 , 50 - 131 ,-1.0
 50 - 131 , 51 - 131 ,1.0
 50 - 132 , 50 - 132 ,-1.0
 50 - 132 , 51 - 132 ,1.0
 50 - 133 , 50 - 133 ,-1.0
 50 - 133 , 51 - 133 ,0.9997
 50 - 133 , 51 - 132 ,0.0003
 50 - 134 , 50 - 134 ,-1.0
 50 - 134 , 51 - 134 ,0.83
 50 - 134 , 51 - 133 ,0.17
 50 - 135 , 50 - 135 ,-1.0
 50 - 135 , 51 - 135 ,0.79
 50 - 135 , 51 - 134 ,0.21
 50 - 136 , 50 - 136 ,-1.0
 50 - 136 , 51 - 136 ,0.7
 50 - 136 , 51 - 135 ,0.3
 50 - 137 , 50 - 137 ,-1.0
 50 - 137 , 51 - 136 ,0.58
 50 - 137 , 51 - 137 ,0.42
 51 - 103 , 51 - 103 ,-1.0
 51 - 103 , 50 - 103 ,1.0
 51 - 104 , 51 - 104 ,-1.0
 51 - 104 , 50 - 103 ,0.07
 51 - 104 , 49 - 103 ,0.07
 51 - 104 , 49 - 100 ,0.86
 51 - 105 , 51 - 105 ,-1.0
 51 - 105 , 50 - 104 ,0.01
 51 - 105 , 49 - 104 ,0.0
 51 - 105 , 50 - 105 ,0.99
 51 - 106 , 51 - 106 ,-1.0
 51 - 106 , 50 - 106 ,1.0
 51 - 107 , 51 - 107 ,-1.0
 51 - 107 , 50 - 107 ,1.0
 51 - 108 , 51 - 108 ,-1.0
 51 - 108 , 50 - 108 ,0.99
 51 - 108 , 49 - 107 ,0.01
 51 - 109 , 51 - 109 ,-1.0
 51 - 109 , 50 - 109 ,1.0
 51 - 110 , 51 - 110 ,-1.0
 51 - 110 , 50 - 110 ,1.0
 51 - 111 , 51 - 111 ,-1.0
 51 - 111 , 50 - 111 ,1.0
 51 - 112 , 51 - 112 ,-1.0
 51 - 112 , 50 - 112 ,1.0
 51 - 113 , 51 - 113 ,-1.0
 51 - 113 , 50 - 113 ,1.0
 51 - 114 , 51 - 114 ,-1.0
 51 - 114 , 50 - 114 ,1.0
 51 - 115 , 51 - 115 ,-1.0
 51 - 115 , 50 - 115 ,1.0
 51 - 116 , 51 - 116 ,-1.0
 51 - 116 , 50 - 116 ,1.0
 51 - 117 , 51 - 117 ,-1.0
 51 - 117 , 50 - 117 ,1.0
 51 - 118 , 51 - 118 ,-1.0
 51 - 118 , 50 - 118 ,1.0
 51 - 119 , 51 - 119 ,-1.0
 51 - 119 , 50 - 119 ,1.0
 51 - 120 , 51 - 120 ,-1.0
 51 - 120 , 50 - 120 ,1.0
 51 - 121 , 51 - 121 ,-1.0
 51 - 122 , 51 - 122 ,-1.0
 51 - 122 , 52 - 122 ,0.9759
 51 - 122 , 50 - 122 ,0.0241
 51 - 123 , 51 - 123 ,-1.0
 51 - 124 , 51 - 124 ,-1.0
 51 - 124 , 52 - 124 ,1.0
 51 - 125 , 51 - 125 ,-1.0
 51 - 125 , 52 - 125 ,1.0
 51 - 126 , 51 - 126 ,-1.0
 51 - 126 , 52 - 126 ,1.0
 51 - 127 , 51 - 127 ,-1.0
 51 - 127 , 52 - 127 ,1.0
 51 - 128 , 51 - 128 ,-1.0
 51 - 128 , 52 - 128 ,1.0
 51 - 129 , 51 - 129 ,-1.0
 51 - 129 , 52 - 129 ,1.0
 51 - 130 , 51 - 130 ,-1.0
 51 - 130 , 52 - 130 ,1.0
 51 - 131 , 51 - 131 ,-1.0
 51 - 131 , 52 - 131 ,1.0
 51 - 132 , 51 - 132 ,-1.0
 51 - 132 , 52 - 132 ,1.0
 51 - 133 , 51 - 133 ,-1.0
 51 - 133 , 52 - 133 ,1.0
 51 - 134 , 51 - 134 ,-1.0
 51 - 134 , 52 - 134 ,1.0
 51 - 135 , 51 - 135 ,-1.0
 51 - 135 , 52 - 135 ,0.78
 51 - 135 , 52 - 134 ,0.22
 51 - 136 , 51 - 136 ,-1.0
 51 - 136 , 52 - 136 ,0.83
 51 - 136 , 52 - 135 ,0.167
 51 - 136 , 52 - 134 ,0.003
 51 - 137 , 51 - 137 ,-1.0
 51 - 137 , 52 - 137 ,0.51
 51 - 137 , 52 - 136 ,0.49
 51 - 138 , 51 - 138 ,-1.0
 51 - 138 , 52 - 138 ,1.0
 51 - 138 , 52 - 137 ,0.0
 51 - 139 , 51 - 139 ,-1.0
 51 - 139 , 52 - 139 ,1.0
 52 - 105 , 52 - 105 ,-1.0
 52 - 105 , 50 - 101 ,1.0
 52 - 105 , 51 - 105 ,0.0
 52 - 106 , 52 - 106 ,-1.0
 52 - 106 , 50 - 102 ,1.0
 52 - 107 , 52 - 107 ,-1.0
 52 - 107 , 50 - 103 ,0.7
 52 - 107 , 51 - 107 ,0.3
 52 - 108 , 52 - 108 ,-1.0
 52 - 108 , 50 - 104 ,0.489
 52 - 108 , 51 - 108 ,0.489
 52 - 108 , 50 - 107 ,0.02
 52 - 108 , 49 - 104 ,0.002
 52 - 109 , 52 - 109 ,-1.0
 52 - 109 , 51 - 109 ,0.86695
 52 - 109 , 50 - 108 ,0.094
 52 - 109 , 50 - 105 ,0.039
 52 - 109 , 49 - 105 ,5e-05
 52 - 110 , 52 - 110 ,-1.0
 52 - 110 , 51 - 110 ,0.99997
 52 - 110 , 50 - 106 ,3e-05
 52 - 111 , 52 - 111 ,-1.0
 52 - 111 , 51 - 111 ,0.99
 52 - 111 , 50 - 110 ,0.01
 52 - 112 , 52 - 112 ,-1.0
 52 - 112 , 51 - 112 ,1.0
 52 - 113 , 52 - 113 ,-1.0
 52 - 113 , 51 - 113 ,1.0
 52 - 114 , 52 - 114 ,-1.0
 52 - 114 , 51 - 114 ,1.0
 52 - 115 , 52 - 115 ,-1.0
 52 - 115 , 51 - 115 ,1.0
 52 - 116 , 52 - 116 ,-1.0
 52 - 116 , 51 - 116 ,1.0
 52 - 117 , 52 - 117 ,-1.0
 52 - 117 , 51 - 117 ,1.0
 52 - 118 , 52 - 118 ,-1.0
 52 - 118 , 51 - 118 ,1.0
 52 - 119 , 52 - 119 ,-1.0
 52 - 119 , 51 - 119 ,1.0
 52 - 120 , 52 - 120 ,-1.0
 52 - 120 , 50 - 120 ,1.0
 52 - 121 , 52 - 121 ,-1.0
 52 - 121 , 51 - 121 ,1.0
 52 - 122 , 52 - 122 ,-1.0
 52 - 123 , 52 - 123 ,-1.0
 52 - 123 , 51 - 123 ,1.0
 52 - 124 , 52 - 124 ,-1.0
 52 - 125 , 52 - 125 ,-1.0
 52 - 126 , 52 - 126 ,-1.0
 52 - 127 , 52 - 127 ,-1.0
 52 - 127 , 53 - 127 ,1.0
 52 - 128 , 52 - 128 ,-1.0
 52 - 128 , 54 - 128 ,1.0
 52 - 129 , 52 - 129 ,-1.0
 52 - 129 , 53 - 129 ,1.0
 52 - 130 , 52 - 130 ,-1.0
 52 - 130 , 54 - 130 ,1.0
 52 - 131 , 52 - 131 ,-1.0
 52 - 131 , 53 - 131 ,1.0
 52 - 132 , 52 - 132 ,-1.0
 52 - 132 , 53 - 132 ,1.0
 52 - 133 , 52 - 133 ,-1.0
 52 - 133 , 53 - 133 ,1.0
 52 - 134 , 52 - 134 ,-1.0
 52 - 134 , 53 - 134 ,1.0
 52 - 135 , 52 - 135 ,-1.0
 52 - 135 , 53 - 135 ,1.0
 52 - 136 , 52 - 136 ,-1.0
 52 - 136 , 53 - 136 ,0.99
 52 - 136 , 53 - 135 ,0.01
 52 - 137 , 52 - 137 ,-1.0
 52 - 137 , 53 - 137 ,0.97
 52 - 137 , 53 - 136 ,0.03
 52 - 138 , 52 - 138 ,-1.0
 52 - 138 , 53 - 138 ,0.94
 52 - 138 , 53 - 137 ,0.06
 52 - 139 , 52 - 139 ,-1.0
 52 - 139 , 53 - 139 ,0.99
 52 - 139 , 53 - 138 ,0.01
 52 - 140 , 52 - 140 ,-1.0
 52 - 140 , 53 - 140 ,0.99
 52 - 140 , 53 - 139 ,0.01
 52 - 141 , 52 - 141 ,-1.0
 52 - 141 , 53 - 141 ,0.99
 52 - 141 , 53 - 140 ,0.01
 52 - 142 , 52 - 142 ,-1.0
 52 - 142 , 53 - 142 ,0.1
 53 - 108 , 53 - 108 ,-1.0
 53 - 108 , 51 - 104 ,0.9
 53 - 108 , 52 - 108 ,0.09
 53 - 108 , 52 - 107 ,0.01
 53 - 109 , 53 - 109 ,-1.0
 53 - 109 , 52 - 108 ,1.0
 53 - 110 , 53 - 110 ,-1.0
 53 - 110 , 52 - 110 ,0.71
 53 - 110 , 51 - 106 ,0.17
 53 - 110 , 51 - 109 ,0.11
 53 - 110 , 50 - 106 ,0.01
 53 - 111 , 53 - 111 ,-1.0
 53 - 111 , 52 - 111 ,0.9991
 53 - 111 , 51 - 107 ,0.0009
 53 - 112 , 53 - 112 ,-1.0
 53 - 112 , 52 - 112 ,0.99
 53 - 112 , 51 - 111 ,0.00899
 53 - 112 , 50 - 108 ,0.001
 53 - 112 , 51 - 108 ,1e-05
 53 - 113 , 53 - 113 ,-1.0
 53 - 113 , 52 - 113 ,1.0
 53 - 113 , 51 - 109 ,0.0
 53 - 113 , 50 - 109 ,0.0
 53 - 114 , 53 - 114 ,-1.0
 53 - 114 , 52 - 114 ,0.99
 53 - 114 , 51 - 113 ,0.01
 53 - 115 , 53 - 115 ,-1.0
 53 - 115 , 52 - 115 ,1.0
 53 - 116 , 53 - 116 ,-1.0
 53 - 116 , 52 - 116 ,1.0
 53 - 117 , 53 - 117 ,-1.0
 53 - 117 , 52 - 117 ,1.0
 53 - 118 , 53 - 118 ,-1.0
 53 - 118 , 52 - 118 ,1.0
 53 - 119 , 53 - 119 ,-1.0
 53 - 119 , 52 - 119 ,1.0
 53 - 120 , 53 - 120 ,-1.0
 53 - 120 , 52 - 120 ,1.0
 53 - 121 , 53 - 121 ,-1.0
 53 - 121 , 52 - 121 ,1.0
 53 - 122 , 53 - 122 ,-1.0
 53 - 122 , 52 - 122 ,1.0
 53 - 123 , 53 - 123 ,-1.0
 53 - 123 , 52 - 123 ,1.0
 53 - 124 , 53 - 124 ,-1.0
 53 - 124 , 52 - 124 ,1.0
 53 - 125 , 53 - 125 ,-1.0
 53 - 125 , 52 - 125 ,1.0
 53 - 126 , 53 - 126 ,-1.0
 53 - 126 , 52 - 126 ,0.527
 53 - 126 , 54 - 126 ,0.473
 53 - 127 , 53 - 127 ,-1.0
 53 - 128 , 53 - 128 ,-1.0
 53 - 128 , 54 - 128 ,0.931
 53 - 128 , 52 - 128 ,0.069
 53 - 129 , 53 - 129 ,-1.0
 53 - 129 , 54 - 129 ,1.0
 53 - 130 , 53 - 130 ,-1.0
 53 - 130 , 54 - 130 ,1.0
 53 - 131 , 53 - 131 ,-1.0
 53 - 131 , 54 - 131 ,1.0
 53 - 132 , 53 - 132 ,-1.0
 53 - 132 , 54 - 132 ,1.0
 53 - 133 , 53 - 133 ,-1.0
 53 - 133 , 54 - 133 ,1.0
 53 - 134 , 53 - 134 ,-1.0
 53 - 134 , 54 - 134 ,1.0
 53 - 135 , 53 - 135 ,-1.0
 53 - 135 , 54 - 135 ,1.0
 53 - 136 , 53 - 136 ,-1.0
 53 - 136 , 54 - 136 ,1.0
 53 - 137 , 53 - 137 ,-1.0
 53 - 137 , 54 - 137 ,0.93
 53 - 137 , 54 - 136 ,0.07
 53 - 138 , 53 - 138 ,-1.0
 53 - 138 , 54 - 138 ,0.95
 53 - 138 , 54 - 137 ,0.05
 53 - 139 , 53 - 139 ,-1.0
 53 - 139 , 54 - 139 ,0.9
 53 - 139 , 54 - 138 ,0.1
 53 - 140 , 53 - 140 ,-1.0
 53 - 140 , 54 - 140 ,0.91
 53 - 140 , 54 - 139 ,0.09
 53 - 141 , 53 - 141 ,-1.0
 53 - 141 , 54 - 141 ,0.79
 53 - 141 , 54 - 140 ,0.21
 53 - 142 , 53 - 142 ,-1.0
 53 - 142 , 54 - 142 ,0.75
 53 - 142 , 54 - 141 ,0.25
 53 - 143 , 53 - 143 ,-1.0
 53 - 143 , 54 - 143 ,0.6
 53 - 143 , 54 - 142 ,0.4
 53 - 144 , 53 - 144 ,-1.0
 53 - 144 , 54 - 144 ,0.6
 53 - 144 , 54 - 143 ,0.4
 54 - 110 , 54 - 110 ,-1.0
 54 - 110 , 52 - 106 ,0.64
 54 - 110 , 53 - 110 ,0.36
 54 - 111 , 54 - 111 ,-1.0
 54 - 111 , 53 - 111 ,0.9
 54 - 111 , 52 - 107 ,0.1
 54 - 112 , 54 - 112 ,-1.0
 54 - 112 , 53 - 112 ,0.99
 54 - 112 , 52 - 108 ,0.01
 54 - 113 , 54 - 113 ,-1.0
 54 - 113 , 53 - 113 ,0.93
 54 - 113 , 52 - 112 ,0.06982
 54 - 113 , 52 - 109 ,0.00011
 54 - 113 , 51 - 109 ,7e-05
 54 - 114 , 54 - 114 ,-1.0
 54 - 114 , 53 - 114 ,1.0
 54 - 115 , 54 - 115 ,-1.0
 54 - 115 , 53 - 115 ,0.9966
 54 - 115 , 52 - 114 ,0.0034
 54 - 115 , 51 - 111 ,0.0
 54 - 116 , 54 - 116 ,-1.0
 54 - 116 , 53 - 116 ,1.0
 54 - 117 , 54 - 117 ,-1.0
 54 - 117 , 53 - 117 ,0.99997
 54 - 117 , 52 - 116 ,3e-05
 54 - 118 , 54 - 118 ,-1.0
 54 - 118 , 53 - 118 ,1.0
 54 - 119 , 54 - 119 ,-1.0
 54 - 119 , 53 - 119 ,1.0
 54 - 120 , 54 - 120 ,-1.0
 54 - 120 , 53 - 120 ,1.0
 54 - 121 , 54 - 121 ,-1.0
 54 - 121 , 53 - 121 ,1.0
 54 - 122 , 54 - 122 ,-1.0
 54 - 122 , 53 - 122 ,1.0
 54 - 123 , 54 - 123 ,-1.0
 54 - 123 , 53 - 123 ,1.0
 54 - 124 , 54 - 124 ,-1.0
 54 - 124 , 52 - 124 ,1.0
 54 - 125 , 54 - 125 ,-1.0
 54 - 125 , 53 - 125 ,1.0
 54 - 126 , 54 - 126 ,-1.0
 54 - 126 , 52 - 126 ,1.0
 54 - 127 , 54 - 127 ,-1.0
 54 - 127 , 53 - 127 ,1.0
 54 - 128 , 54 - 128 ,-1.0
 54 - 129 , 54 - 129 ,-1.0
 54 - 130 , 54 - 130 ,-1.0
 54 - 131 , 54 - 131 ,-1.0
 54 - 132 , 54 - 132 ,-1.0
 54 - 133 , 54 - 133 ,-1.0
 54 - 133 , 55 - 133 ,1.0
 54 - 134 , 54 - 134 ,-1.0
 54 - 134 , 56 - 134 ,1.0
 54 - 135 , 54 - 135 ,-1.0
 54 - 135 , 55 - 135 ,1.0
 54 - 136 , 54 - 136 ,-1.0
 54 - 136 , 56 - 136 ,1.0
 54 - 137 , 54 - 137 ,-1.0
 54 - 137 , 55 - 137 ,1.0
 54 - 138 , 54 - 138 ,-1.0
 54 - 138 , 55 - 138 ,1.0
 54 - 139 , 54 - 139 ,-1.0
 54 - 139 , 55 - 139 ,1.0
 54 - 140 , 54 - 140 ,-1.0
 54 - 140 , 55 - 140 ,1.0
 54 - 141 , 54 - 141 ,-1.0
 54 - 141 , 55 - 141 ,0.9996
 54 - 141 , 55 - 140 ,0.0004
 54 - 142 , 54 - 142 ,-1.0
 54 - 142 , 55 - 142 ,0.996
 54 - 142 , 55 - 141 ,0.004
 54 - 143 , 54 - 143 ,-1.0
 54 - 143 , 55 - 143 ,0.99
 54 - 143 , 55 - 142 ,0.01
 54 - 144 , 54 - 144 ,-1.0
 54 - 144 , 55 - 144 ,0.97
 54 - 144 , 55 - 143 ,0.03
 54 - 145 , 54 - 145 ,-1.0
 54 - 145 , 55 - 145 ,0.95
 54 - 145 , 55 - 144 ,0.05
 54 - 146 , 54 - 146 ,-1.0
 54 - 146 , 55 - 146 ,0.93
 54 - 146 , 55 - 145 ,0.07
 54 - 147 , 54 - 147 ,-1.0
 54 - 147 , 55 - 147 ,0.96
 54 - 147 , 55 - 146 ,0.04
 55 - 112 , 55 - 112 ,-1.0
 55 - 112 , 54 - 111 ,1.0
 55 - 113 , 55 - 113 ,-1.0
 55 - 113 , 54 - 112 ,1.0
 55 - 113 , 53 - 109 ,0.0
 55 - 114 , 55 - 114 ,-1.0
 55 - 114 , 54 - 114 ,0.9
 55 - 114 , 53 - 113 ,0.099
 55 - 114 , 52 - 110 ,0.0008
 55 - 114 , 53 - 110 ,0.0002
 55 - 115 , 55 - 115 ,-1.0
 55 - 115 , 54 - 115 ,0.9993
 55 - 115 , 53 - 114 ,0.0007
 55 - 116 , 55 - 116 ,-1.0
 55 - 116 , 54 - 116 ,0.99671
 55 - 116 , 53 - 115 ,0.0028
 55 - 116 , 52 - 112 ,0.00049
 55 - 117 , 55 - 117 ,-1.0
 55 - 117 , 54 - 117 ,1.0
 55 - 118 , 55 - 118 ,-1.0
 55 - 118 , 54 - 118 ,0.999778
 55 - 118 , 53 - 117 ,0.00021
 55 - 118 , 52 - 114 ,1.2e-05
 55 - 119 , 55 - 119 ,-1.0
 55 - 119 , 54 - 119 ,1.0
 55 - 119 , 52 - 115 ,0.0
 55 - 120 , 55 - 120 ,-1.0
 55 - 120 , 54 - 120 ,1.0
 55 - 120 , 52 - 116 ,0.0
 55 - 120 , 53 - 119 ,0.0
 55 - 121 , 55 - 121 ,-1.0
 55 - 121 , 54 - 121 ,1.0
 55 - 122 , 55 - 122 ,-1.0
 55 - 122 , 54 - 122 ,1.0
 55 - 122 , 52 - 118 ,0.0
 55 - 123 , 55 - 123 ,-1.0
 55 - 123 , 54 - 123 ,1.0
 55 - 124 , 55 - 124 ,-1.0
 55 - 124 , 54 - 124 ,1.0
 55 - 125 , 55 - 125 ,-1.0
 55 - 125 , 54 - 125 ,1.0
 55 - 126 , 55 - 126 ,-1.0
 55 - 126 , 54 - 126 ,1.0
 55 - 127 , 55 - 127 ,-1.0
 55 - 127 , 54 - 127 ,1.0
 55 - 128 , 55 - 128 ,-1.0
 55 - 128 , 54 - 128 ,1.0
 55 - 129 , 55 - 129 ,-1.0
 55 - 129 , 54 - 129 ,1.0
 55 - 130 , 55 - 130 ,-1.0
 55 - 130 , 54 - 130 ,0.984
 55 - 130 , 56 - 130 ,0.016
 55 - 131 , 55 - 131 ,-1.0
 55 - 131 , 54 - 131 ,1.0
 55 - 132 , 55 - 132 ,-1.0
 55 - 132 , 54 - 132 ,0.9813
 55 - 132 , 56 - 132 ,0.0187
 55 - 133 , 55 - 133 ,-1.0
 55 - 134 , 55 - 134 ,-1.0
 55 - 134 , 56 - 134 ,1.0
 55 - 134 , 54 - 134 ,0.0
 55 - 135 , 55 - 135 ,-1.0
 55 - 135 , 56 - 135 ,1.0
 55 - 136 , 55 - 136 ,-1.0
 55 - 136 , 56 - 136 ,1.0
 55 - 137 , 55 - 137 ,-1.0
 55 - 137 , 56 - 137 ,1.0
 55 - 138 , 55 - 138 ,-1.0
 55 - 138 , 56 - 138 ,1.0
 55 - 139 , 55 - 139 ,-1.0
 55 - 139 , 56 - 139 ,1.0
 55 - 140 , 55 - 140 ,-1.0
 55 - 140 , 56 - 140 ,1.0
 55 - 141 , 55 - 141 ,-1.0
 55 - 141 , 56 - 141 ,0.9996
 55 - 141 , 56 - 140 ,0.0004
 55 - 142 , 55 - 142 ,-1.0
 55 - 142 , 56 - 142 ,0.9991
 55 - 142 , 56 - 141 ,0.0009
 55 - 143 , 55 - 143 ,-1.0
 55 - 143 , 56 - 143 ,0.98
 55 - 143 , 56 - 142 ,0.02
 55 - 144 , 55 - 144 ,-1.0
 55 - 144 , 56 - 144 ,0.97
 55 - 144 , 56 - 143 ,0.03
 55 - 145 , 55 - 145 ,-1.0
 55 - 145 , 56 - 145 ,0.86
 55 - 145 , 56 - 144 ,0.14
 55 - 146 , 55 - 146 ,-1.0
 55 - 146 , 56 - 146 ,0.86
 55 - 146 , 56 - 145 ,0.14
 55 - 147 , 55 - 147 ,-1.0
 55 - 147 , 56 - 147 ,0.7
 55 - 147 , 56 - 146 ,0.3
 55 - 148 , 55 - 148 ,-1.0
 55 - 148 , 56 - 148 ,0.7
 55 - 148 , 56 - 147 ,0.3
 55 - 149 , 55 - 149 ,-1.0
 55 - 149 , 56 - 149 ,1.0
 55 - 149 , 56 - 148 ,0.0
 55 - 150 , 55 - 150 ,-1.0
 55 - 150 , 56 - 150 ,1.0
 55 - 150 , 56 - 149 ,0.0
 55 - 151 , 55 - 151 ,-1.0
 55 - 151 , 56 - 151 ,1.0
 55 - 151 , 56 - 150 ,0.0
 56 - 114 , 56 - 114 ,-1.0
 56 - 114 , 55 - 114 ,0.8
 56 - 114 , 54 - 113 ,0.19062
 56 - 114 , 54 - 110 ,0.009
 56 - 114 , 50 - 102 ,0.00038
 56 - 115 , 56 - 115 ,-1.0
 56 - 115 , 55 - 115 ,0.85
 56 - 115 , 54 - 114 ,0.15
 56 - 116 , 56 - 116 ,-1.0
 56 - 116 , 55 - 116 ,0.97
 56 - 116 , 54 - 115 ,0.03
 56 - 117 , 56 - 117 ,-1.0
 56 - 117 , 55 - 117 ,0.87
 56 - 117 , 54 - 116 ,0.12976
 56 - 117 , 53 - 113 ,0.00024
 56 - 118 , 56 - 118 ,-1.0
 56 - 118 , 55 - 118 ,0.99
 56 - 118 , 54 - 117 ,0.01
 56 - 119 , 56 - 119 ,-1.0
 56 - 119 , 55 - 119 ,0.75
 56 - 119 , 54 - 118 ,0.25
 56 - 120 , 56 - 120 ,-1.0
 56 - 120 , 55 - 120 ,1.0
 56 - 121 , 56 - 121 ,-1.0
 56 - 121 , 55 - 121 ,0.9998
 56 - 121 , 54 - 120 ,0.0002
 56 - 122 , 56 - 122 ,-1.0
 56 - 122 , 55 - 122 ,1.0
 56 - 123 , 56 - 123 ,-1.0
 56 - 123 , 55 - 123 ,1.0
 56 - 124 , 56 - 124 ,-1.0
 56 - 124 , 55 - 124 ,1.0
 56 - 125 , 56 - 125 ,-1.0
 56 - 125 , 55 - 125 ,1.0
 56 - 126 , 56 - 126 ,-1.0
 56 - 126 , 55 - 126 ,1.0
 56 - 127 , 56 - 127 ,-1.0
 56 - 127 , 55 - 127 ,1.0
 56 - 128 , 56 - 128 ,-1.0
 56 - 128 , 55 - 128 ,1.0
 56 - 129 , 56 - 129 ,-1.0
 56 - 129 , 55 - 129 ,1.0
 56 - 130 , 56 - 130 ,-1.0
 56 - 130 , 54 - 130 ,1.0
 56 - 131 , 56 - 131 ,-1.0
 56 - 131 , 55 - 131 ,1.0
 56 - 132 , 56 - 132 ,-1.0
 56 - 132 , 54 - 132 ,1.0
 56 - 133 , 56 - 133 ,-1.0
 56 - 133 , 55 - 133 ,1.0
 56 - 134 , 56 - 134 ,-1.0
 56 - 135 , 56 - 135 ,-1.0
 56 - 136 , 56 - 136 ,-1.0
 56 - 137 , 56 - 137 ,-1.0
 56 - 138 , 56 - 138 ,-1.0
 56 - 139 , 56 - 139 ,-1.0
 56 - 139 , 57 - 139 ,1.0
 56 - 140 , 56 - 140 ,-1.0
 56 - 140 , 57 - 140 ,1.0
 56 - 141 , 56 - 141 ,-1.0
 56 - 141 , 57 - 141 ,1.0
 56 - 142 , 56 - 142 ,-1.0
 56 - 142 , 57 - 142 ,1.0
 56 - 143 , 56 - 143 ,-1.0
 56 - 143 , 57 - 143 ,1.0
 56 - 144 , 56 - 144 ,-1.0
 56 - 144 , 57 - 144 ,1.0
 56 - 145 , 56 - 145 ,-1.0
 56 - 145 , 57 - 145 ,1.0
 56 - 146 , 56 - 146 ,-1.0
 56 - 146 , 57 - 146 ,1.0
 56 - 147 , 56 - 147 ,-1.0
 56 - 147 , 57 - 147 ,1.0
 56 - 148 , 56 - 148 ,-1.0
 56 - 148 , 57 - 148 ,0.996
 56 - 148 , 57 - 147 ,0.004
 56 - 149 , 56 - 149 ,-1.0
 56 - 149 , 57 - 149 ,0.996
 56 - 149 , 57 - 148 ,0.004
 56 - 150 , 56 - 150 ,-1.0
 56 - 150 , 57 - 150 ,0.99
 56 - 150 , 57 - 149 ,0.01
 56 - 151 , 56 - 151 ,-1.0
 56 - 151 , 57 - 151 ,1.0
 56 - 152 , 56 - 152 ,-1.0
 56 - 152 , 57 - 152 ,1.0
 56 - 153 , 56 - 153 ,-1.0
 56 - 153 , 57 - 153 ,1.0
 57 - 117 , 57 - 117 ,-1.0
 57 - 117 , 56 - 116 ,0.94
 57 - 117 , 56 - 117 ,0.06
 57 - 118 , 57 - 118 ,-1.0
 57 - 118 , 56 - 118 ,1.0
 57 - 119 , 57 - 119 ,-1.0
 57 - 119 , 56 - 119 ,1.0
 57 - 120 , 57 - 120 ,-1.0
 57 - 120 , 56 - 120 ,0.99
 57 - 120 , 55 - 119 ,0.01
 57 - 121 , 57 - 121 ,-1.0
 57 - 121 , 56 - 121 ,0.99
 57 - 121 , 55 - 120 ,0.01
 57 - 122 , 57 - 122 ,-1.0
 57 - 122 , 56 - 122 ,0.99
 57 - 122 , 55 - 121 ,0.01
 57 - 123 , 57 - 123 ,-1.0
 57 - 123 , 56 - 123 ,1.0
 57 - 124 , 57 - 124 ,-1.0
 57 - 124 , 56 - 124 ,1.0
 57 - 125 , 57 - 125 ,-1.0
 57 - 125 , 56 - 125 ,1.0
 57 - 126 , 57 - 126 ,-1.0
 57 - 126 , 56 - 126 ,1.0
 57 - 127 , 57 - 127 ,-1.0
 57 - 127 , 56 - 127 ,1.0
 57 - 128 , 57 - 128 ,-1.0
 57 - 128 , 56 - 128 ,1.0
 57 - 129 , 57 - 129 ,-1.0
 57 - 129 , 56 - 129 ,1.0
 57 - 130 , 57 - 130 ,-1.0
 57 - 130 , 56 - 130 ,1.0
 57 - 131 , 57 - 131 ,-1.0
 57 - 131 , 56 - 131 ,1.0
 57 - 132 , 57 - 132 ,-1.0
 57 - 132 , 56 - 132 ,1.0
 57 - 133 , 57 - 133 ,-1.0
 57 - 133 , 56 - 133 ,1.0
 57 - 134 , 57 - 134 ,-1.0
 57 - 134 , 56 - 134 ,1.0
 57 - 135 , 57 - 135 ,-1.0
 57 - 135 , 56 - 135 ,1.0
 57 - 136 , 57 - 136 ,-1.0
 57 - 136 , 56 - 136 ,1.0
 57 - 137 , 57 - 137 ,-1.0
 57 - 137 , 56 - 137 ,1.0
 57 - 138 , 57 - 138 ,-1.0
 57 - 138 , 56 - 138 ,0.656
 57 - 138 , 58 - 138 ,0.344
 57 - 139 , 57 - 139 ,-1.0
 57 - 140 , 57 - 140 ,-1.0
 57 - 140 , 58 - 140 ,1.0
 57 - 141 , 57 - 141 ,-1.0
 57 - 141 , 58 - 141 ,1.0
 57 - 142 , 57 - 142 ,-1.0
 57 - 142 , 58 - 142 ,1.0
 57 - 143 , 57 - 143 ,-1.0
 57 - 143 , 58 - 143 ,1.0
 57 - 144 , 57 - 144 ,-1.0
 57 - 144 , 58 - 144 ,1.0
 57 - 145 , 57 - 145 ,-1.0
 57 - 145 , 58 - 145 ,1.0
 57 - 146 , 57 - 146 ,-1.0
 57 - 146 , 58 - 146 ,1.0
 57 - 147 , 57 - 147 ,-1.0
 57 - 147 , 58 - 147 ,0.9996
 57 - 147 , 58 - 146 ,0.0004
 57 - 148 , 57 - 148 ,-1.0
 57 - 148 , 58 - 148 ,0.998
 57 - 148 , 58 - 147 ,0.002
 57 - 149 , 57 - 149 ,-1.0
 57 - 149 , 58 - 149 ,0.99
 57 - 149 , 58 - 148 ,0.01
 57 - 150 , 57 - 150 ,-1.0
 57 - 150 , 58 - 150 ,0.97
 57 - 150 , 58 - 149 ,0.03
 57 - 151 , 57 - 151 ,-1.0
 57 - 151 , 58 - 151 ,1.0
 57 - 152 , 57 - 152 ,-1.0
 57 - 152 , 58 - 152 ,1.0
 57 - 153 , 57 - 153 ,-1.0
 57 - 153 , 58 - 153 ,1.0
 57 - 154 , 57 - 154 ,-1.0
 57 - 154 , 58 - 154 ,1.0
 57 - 155 , 57 - 155 ,-1.0
 57 - 155 , 58 - 155 ,1.0
 58 - 119 , 58 - 119 ,-1.0
 58 - 119 , 57 - 119 ,1.0
 58 - 120 , 58 - 120 ,-1.0
 58 - 120 , 57 - 120 ,1.0
 58 - 121 , 58 - 121 ,-1.0
 58 - 121 , 57 - 121 ,0.99
 58 - 121 , 56 - 120 ,0.01
 58 - 122 , 58 - 122 ,-1.0
 58 - 122 , 57 - 122 ,1.0
 58 - 122 , 56 - 121 ,0.0
 58 - 123 , 58 - 123 ,-1.0
 58 - 123 , 57 - 123 ,0.99
 58 - 123 , 56 - 122 ,0.01
 58 - 124 , 58 - 124 ,-1.0
 58 - 124 , 57 - 124 ,1.0
 58 - 125 , 58 - 125 ,-1.0
 58 - 125 , 57 - 125 ,0.99
 58 - 125 , 56 - 124 ,0.01
 58 - 126 , 58 - 126 ,-1.0
 58 - 126 , 57 - 126 ,1.0
 58 - 127 , 58 - 127 ,-1.0
 58 - 127 , 57 - 127 ,1.0
 58 - 128 , 58 - 128 ,-1.0
 58 - 128 , 57 - 128 ,1.0
 58 - 129 , 58 - 129 ,-1.0
 58 - 129 , 57 - 129 ,1.0
 58 - 130 , 58 - 130 ,-1.0
 58 - 130 , 57 - 130 ,1.0
 58 - 131 , 58 - 131 ,-1.0
 58 - 131 , 57 - 131 ,1.0
 58 - 132 , 58 - 132 ,-1.0
 58 - 132 , 57 - 132 ,1.0
 58 - 133 , 58 - 133 ,-1.0
 58 - 133 , 57 - 133 ,1.0
 58 - 134 , 58 - 134 ,-1.0
 58 - 134 , 57 - 134 ,1.0
 58 - 135 , 58 - 135 ,-1.0
 58 - 135 , 57 - 135 ,1.0
 58 - 136 , 58 - 136 ,-1.0
 58 - 136 , 56 - 136 ,1.0
 58 - 137 , 58 - 137 ,-1.0
 58 - 137 , 57 - 137 ,1.0
 58 - 138 , 58 - 138 ,-1.0
 58 - 138 , 56 - 138 ,1.0
 58 - 139 , 58 - 139 ,-1.0
 58 - 139 , 57 - 139 ,1.0
 58 - 140 , 58 - 140 ,-1.0
 58 - 141 , 58 - 141 ,-1.0
 58 - 141 , 59 - 141 ,1.0
 58 - 142 , 58 - 142 ,-1.0
 58 - 142 , 56 - 138 ,1.0
 58 - 142 , 60 - 142 ,0.0
 58 - 143 , 58 - 143 ,-1.0
 58 - 143 , 59 - 143 ,1.0
 58 - 144 , 58 - 144 ,-1.0
 58 - 144 , 59 - 144 ,1.0
 58 - 145 , 58 - 145 ,-1.0
 58 - 145 , 59 - 145 ,1.0
 58 - 146 , 58 - 146 ,-1.0
 58 - 146 , 59 - 146 ,1.0
 58 - 147 , 58 - 147 ,-1.0
 58 - 147 , 59 - 147 ,1.0
 58 - 148 , 58 - 148 ,-1.0
 58 - 148 , 59 - 148 ,1.0
 58 - 149 , 58 - 149 ,-1.0
 58 - 149 , 59 - 149 ,1.0
 58 - 150 , 58 - 150 ,-1.0
 58 - 150 , 59 - 150 ,1.0
 58 - 151 , 58 - 151 ,-1.0
 58 - 151 , 59 - 151 ,1.0
 58 - 152 , 58 - 152 ,-1.0
 58 - 152 , 59 - 152 ,1.0
 58 - 153 , 58 - 153 ,-1.0
 58 - 153 , 59 - 153 ,1.0
 58 - 154 , 58 - 154 ,-1.0
 58 - 154 , 59 - 154 ,1.0
 58 - 155 , 58 - 155 ,-1.0
 58 - 155 , 59 - 155 ,1.0
 58 - 156 , 58 - 156 ,-1.0
 58 - 156 , 59 - 156 ,1.0
 58 - 157 , 58 - 157 ,-1.0
 58 - 157 , 59 - 157 ,1.0
 59 - 121 , 59 - 121 ,-1.0
 59 - 121 , 58 - 120 ,1.0
 59 - 121 , 58 - 121 ,0.0
 59 - 121 , 57 - 120 ,0.0
 59 - 122 , 59 - 122 ,-1.0
 59 - 122 , 58 - 122 ,1.0
 59 - 123 , 59 - 123 ,-1.0
 59 - 123 , 58 - 123 ,1.0
 59 - 124 , 59 - 124 ,-1.0
 59 - 124 , 58 - 124 ,0.99
 59 - 124 , 57 - 123 ,0.01
 59 - 125 , 59 - 125 ,-1.0
 59 - 125 , 58 - 125 ,0.99
 59 - 125 , 57 - 124 ,0.01
 59 - 126 , 59 - 126 ,-1.0
 59 - 126 , 58 - 126 ,0.99
 59 - 126 , 57 - 125 ,0.01
 59 - 127 , 59 - 127 ,-1.0
 59 - 127 , 58 - 127 ,1.0
 59 - 128 , 59 - 128 ,-1.0
 59 - 128 , 58 - 128 ,0.99
 59 - 128 , 57 - 127 ,0.01
 59 - 129 , 59 - 129 ,-1.0
 59 - 129 , 58 - 129 ,1.0
 59 - 130 , 59 - 130 ,-1.0
 59 - 130 , 58 - 130 ,1.0
 59 - 131 , 59 - 131 ,-1.0
 59 - 131 , 58 - 131 ,1.0
 59 - 132 , 59 - 132 ,-1.0
 59 - 132 , 58 - 132 ,1.0
 59 - 133 , 59 - 133 ,-1.0
 59 - 133 , 58 - 133 ,1.0
 59 - 134 , 59 - 134 ,-1.0
 59 - 134 , 58 - 134 ,1.0
 59 - 135 , 59 - 135 ,-1.0
 59 - 135 , 58 - 135 ,1.0
 59 - 136 , 59 - 136 ,-1.0
 59 - 136 , 58 - 136 ,1.0
 59 - 137 , 59 - 137 ,-1.0
 59 - 137 , 58 - 137 ,1.0
 59 - 138 , 59 - 138 ,-1.0
 59 - 138 , 58 - 138 ,1.0
 59 - 139 , 59 - 139 ,-1.0
 59 - 139 , 58 - 139 ,1.0
 59 - 140 , 59 - 140 ,-1.0
 59 - 140 , 58 - 140 ,1.0
 59 - 141 , 59 - 141 ,-1.0
 59 - 142 , 59 - 142 ,-1.0
 59 - 142 , 60 - 142 ,0.9998
 59 - 142 , 58 - 142 ,0.0002
 59 - 143 , 59 - 143 ,-1.0
 59 - 143 , 60 - 143 ,1.0
 59 - 144 , 59 - 144 ,-1.0
 59 - 144 , 60 - 144 ,1.0
 59 - 145 , 59 - 145 ,-1.0
 59 - 145 , 60 - 145 ,1.0
 59 - 146 , 59 - 146 ,-1.0
 59 - 146 , 60 - 146 ,1.0
 59 - 147 , 59 - 147 ,-1.0
 59 - 147 , 60 - 147 ,1.0
 59 - 148 , 59 - 148 ,-1.0
 59 - 148 , 60 - 148 ,1.0
 59 - 149 , 59 - 149 ,-1.0
 59 - 149 , 60 - 149 ,1.0
 59 - 150 , 59 - 150 ,-1.0
 59 - 150 , 60 - 150 ,1.0
 59 - 151 , 59 - 151 ,-1.0
 59 - 151 , 60 - 151 ,1.0
 59 - 152 , 59 - 152 ,-1.0
 59 - 152 , 60 - 152 ,1.0
 59 - 153 , 59 - 153 ,-1.0
 59 - 153 , 60 - 153 ,1.0
 59 - 154 , 59 - 154 ,-1.0
 59 - 154 , 60 - 154 ,1.0
 59 - 155 , 59 - 155 ,-1.0
 59 - 155 , 60 - 155 ,1.0
 59 - 156 , 59 - 156 ,-1.0
 59 - 156 , 60 - 156 ,1.0
 59 - 157 , 59 - 157 ,-1.0
 59 - 157 , 60 - 157 ,1.0
 59 - 158 , 59 - 158 ,-1.0
 59 - 158 , 60 - 158 ,1.0
 59 - 159 , 59 - 159 ,-1.0
 59 - 159 , 60 - 159 ,1.0
 60 - 124 , 60 - 124 ,-1.0
 60 - 124 , 59 - 124 ,1.0
 60 - 125 , 60 - 125 ,-1.0
 60 - 125 , 59 - 125 ,1.0
 60 - 126 , 60 - 126 ,-1.0
 60 - 126 , 59 - 126 ,1.0
 60 - 127 , 60 - 127 ,-1.0
 60 - 127 , 59 - 127 ,0.99
 60 - 127 , 58 - 126 ,0.01
 60 - 128 , 60 - 128 ,-1.0
 60 - 128 , 59 - 128 ,1.0
 60 - 128 , 58 - 127 ,0.0
 60 - 129 , 60 - 129 ,-1.0
 60 - 129 , 59 - 129 ,0.99
 60 - 129 , 58 - 128 ,0.01
 60 - 130 , 60 - 130 ,-1.0
 60 - 130 , 59 - 130 ,1.0
 60 - 131 , 60 - 131 ,-1.0
 60 - 131 , 59 - 131 ,0.99
 60 - 131 , 58 - 130 ,0.01
 60 - 132 , 60 - 132 ,-1.0
 60 - 132 , 59 - 132 ,1.0
 60 - 133 , 60 - 133 ,-1.0
 60 - 133 , 59 - 133 ,1.0
 60 - 134 , 60 - 134 ,-1.0
 60 - 134 , 59 - 134 ,1.0
 60 - 135 , 60 - 135 ,-1.0
 60 - 135 , 59 - 135 ,1.0
 60 - 136 , 60 - 136 ,-1.0
 60 - 136 , 59 - 136 ,1.0
 60 - 137 , 60 - 137 ,-1.0
 60 - 137 , 59 - 137 ,1.0
 60 - 138 , 60 - 138 ,-1.0
 60 - 138 , 59 - 138 ,1.0
 60 - 139 , 60 - 139 ,-1.0
 60 - 139 , 59 - 139 ,1.0
 60 - 140 , 60 - 140 ,-1.0
 60 - 140 , 59 - 140 ,1.0
 60 - 141 , 60 - 141 ,-1.0
 60 - 141 , 59 - 141 ,1.0
 60 - 142 , 60 - 142 ,-1.0
 60 - 143 , 60 - 143 ,-1.0
 60 - 144 , 60 - 144 ,-1.0
 60 - 144 , 58 - 140 ,1.0
 60 - 145 , 60 - 145 ,-1.0
 60 - 146 , 60 - 146 ,-1.0
 60 - 146 , 62 - 146 ,0.99
 60 - 146 , 58 - 142 ,0.01
 60 - 147 , 60 - 147 ,-1.0
 60 - 147 , 61 - 147 ,1.0
 60 - 148 , 60 - 148 ,-1.0
 60 - 148 , 62 - 148 ,0.99
 60 - 148 , 58 - 144 ,0.01
 60 - 149 , 60 - 149 ,-1.0
 60 - 149 , 61 - 149 ,1.0
 60 - 150 , 60 - 150 ,-1.0
 60 - 150 , 62 - 150 ,1.0
 60 - 151 , 60 - 151 ,-1.0
 60 - 151 , 61 - 151 ,1.0
 60 - 152 , 60 - 152 ,-1.0
 60 - 152 , 61 - 152 ,1.0
 60 - 153 , 60 - 153 ,-1.0
 60 - 153 , 61 - 153 ,1.0
 60 - 154 , 60 - 154 ,-1.0
 60 - 154 , 61 - 154 ,1.0
 60 - 155 , 60 - 155 ,-1.0
 60 - 155 , 61 - 155 ,1.0
 60 - 156 , 60 - 156 ,-1.0
 60 - 156 , 61 - 156 ,1.0
 60 - 157 , 60 - 157 ,-1.0
 60 - 157 , 61 - 157 ,1.0
 60 - 158 , 60 - 158 ,-1.0
 60 - 158 , 61 - 158 ,1.0
 60 - 159 , 60 - 159 ,-1.0
 60 - 159 , 61 - 159 ,1.0
 60 - 160 , 60 - 160 ,-1.0
 60 - 160 , 61 - 160 ,1.0
 60 - 161 , 60 - 161 ,-1.0
 60 - 161 , 61 - 161 ,1.0
 61 - 126 , 61 - 126 ,-1.0
 61 - 126 , 60 - 126 ,1.0
 61 - 127 , 61 - 127 ,-1.0
 61 - 127 , 60 - 127 ,1.0
 61 - 127 , 60 - 126 ,0.0
 61 - 128 , 61 - 128 ,-1.0
 61 - 128 , 60 - 128 ,1.0
 61 - 128 , 60 - 127 ,0.0
 61 - 128 , 59 - 127 ,0.0
 61 - 129 , 61 - 129 ,-1.0
 61 - 129 , 60 - 129 ,1.0
 61 - 130 , 61 - 130 ,-1.0
 61 - 130 , 60 - 130 ,0.99
 61 - 130 , 59 - 129 ,0.01
 61 - 131 , 61 - 131 ,-1.0
 61 - 131 , 60 - 131 ,0.99
 61 - 131 , 59 - 130 ,0.01
 61 - 132 , 61 - 132 ,-1.0
 61 - 132 , 60 - 132 ,1.0
 61 - 132 , 59 - 131 ,0.0
 61 - 133 , 61 - 133 ,-1.0
 61 - 133 , 60 - 133 ,1.0
 61 - 134 , 61 - 134 ,-1.0
 61 - 134 , 60 - 134 ,1.0
 61 - 135 , 61 - 135 ,-1.0
 61 - 135 , 60 - 135 ,1.0
 61 - 136 , 61 - 136 ,-1.0
 61 - 136 , 60 - 136 ,1.0
 61 - 137 , 61 - 137 ,-1.0
 61 - 137 , 60 - 137 ,1.0
 61 - 138 , 61 - 138 ,-1.0
 61 - 138 , 60 - 138 ,1.0
 61 - 139 , 61 - 139 ,-1.0
 61 - 139 , 60 - 139 ,1.0
 61 - 140 , 61 - 140 ,-1.0
 61 - 140 , 60 - 140 ,1.0
 61 - 141 , 61 - 141 ,-1.0
 61 - 141 , 60 - 141 ,1.0
 61 - 142 , 61 - 142 ,-1.0
 61 - 142 , 60 - 142 ,1.0
 61 - 143 , 61 - 143 ,-1.0
 61 - 143 , 60 - 143 ,1.0
 61 - 144 , 61 - 144 ,-1.0
 61 - 144 , 60 - 144 ,1.0
 61 - 145 , 61 - 145 ,-1.0
 61 - 145 , 60 - 145 ,1.0
 61 - 145 , 59 - 141 ,0.0
 61 - 146 , 61 - 146 ,-1.0
 61 - 146 , 60 - 146 ,0.66
 61 - 146 , 62 - 146 ,0.34
 61 - 147 , 61 - 147 ,-1.0
 61 - 147 , 62 - 147 ,1.0
 61 - 148 , 61 - 148 ,-1.0
 61 - 148 , 62 - 148 ,1.0
 61 - 149 , 61 - 149 ,-1.0
 61 - 149 , 62 - 149 ,1.0
 61 - 150 , 61 - 150 ,-1.0
 61 - 150 , 62 - 150 ,1.0
 61 - 151 , 61 - 151 ,-1.0
 61 - 151 , 62 - 151 ,1.0
 61 - 152 , 61 - 152 ,-1.0
 61 - 152 , 62 - 152 ,1.0
 61 - 153 , 61 - 153 ,-1.0
 61 - 153 , 62 - 153 ,1.0
 61 - 154 , 61 - 154 ,-1.0
 61 - 154 , 62 - 154 ,1.0
 61 - 155 , 61 - 155 ,-1.0
 61 - 155 , 62 - 155 ,1.0
 61 - 156 , 61 - 156 ,-1.0
 61 - 156 , 62 - 156 ,1.0
 61 - 157 , 61 - 157 ,-1.0
 61 - 157 , 62 - 157 ,1.0
 61 - 158 , 61 - 158 ,-1.0
 61 - 158 , 62 - 158 ,1.0
 61 - 159 , 61 - 159 ,-1.0
 61 - 159 , 62 - 159 ,1.0
 61 - 160 , 61 - 160 ,-1.0
 61 - 160 , 62 - 160 ,1.0
 61 - 161 , 61 - 161 ,-1.0
 61 - 161 , 62 - 161 ,1.0
 61 - 162 , 61 - 162 ,-1.0
 61 - 162 , 62 - 162 ,1.0
 61 - 163 , 61 - 163 ,-1.0
 61 - 163 , 62 - 163 ,1.0
 62 - 128 , 62 - 128 ,-1.0
 62 - 128 , 61 - 128 ,1.0
 62 - 128 , 61 - 127 ,0.0
 62 - 129 , 62 - 129 ,-1.0
 62 - 129 , 61 - 129 ,1.0
 62 - 130 , 62 - 130 ,-1.0
 62 - 130 , 61 - 130 ,1.0
 62 - 131 , 62 - 131 ,-1.0
 62 - 131 , 61 - 131 ,0.99
 62 - 131 , 60 - 130 ,0.01
 62 - 132 , 62 - 132 ,-1.0
 62 - 132 , 61 - 132 ,0.99
 62 - 132 , 60 - 131 ,0.01
 62 - 133 , 62 - 133 ,-1.0
 62 - 133 , 61 - 133 ,0.99
 62 - 133 , 60 - 133 ,0.01
 62 - 134 , 62 - 134 ,-1.0
 62 - 134 , 61 - 134 ,1.0
 62 - 135 , 62 - 135 ,-1.0
 62 - 135 , 61 - 135 ,0.9998
 62 - 135 , 60 - 134 ,0.0002
 62 - 136 , 62 - 136 ,-1.0
 62 - 136 , 61 - 136 ,1.0
 62 - 137 , 62 - 137 ,-1.0
 62 - 137 , 61 - 137 ,1.0
 62 - 138 , 62 - 138 ,-1.0
 62 - 138 , 61 - 138 ,1.0
 62 - 139 , 62 - 139 ,-1.0
 62 - 139 , 61 - 139 ,1.0
 62 - 140 , 62 - 140 ,-1.0
 62 - 140 , 61 - 140 ,1.0
 62 - 141 , 62 - 141 ,-1.0
 62 - 141 , 61 - 141 ,1.0
 62 - 142 , 62 - 142 ,-1.0
 62 - 142 , 61 - 142 ,1.0
 62 - 143 , 62 - 143 ,-1.0
 62 - 143 , 61 - 143 ,1.0
 62 - 144 , 62 - 144 ,-1.0
 62 - 144 , 60 - 144 ,1.0
 62 - 145 , 62 - 145 ,-1.0
 62 - 145 , 61 - 145 ,1.0
 62 - 146 , 62 - 146 ,-1.0
 62 - 146 , 60 - 142 ,1.0
 62 - 147 , 62 - 147 ,-1.0
 62 - 147 , 60 - 143 ,1.0
 62 - 148 , 62 - 148 ,-1.0
 62 - 148 , 60 - 144 ,1.0
 62 - 149 , 62 - 149 ,-1.0
 62 - 149 , 60 - 145 ,1.0
 62 - 150 , 62 - 150 ,-1.0
 62 - 151 , 62 - 151 ,-1.0
 62 - 151 , 63 - 151 ,1.0
 62 - 152 , 62 - 152 ,-1.0
 62 - 153 , 62 - 153 ,-1.0
 62 - 153 , 63 - 153 ,1.0
 62 - 154 , 62 - 154 ,-1.0
 62 - 154 , 64 - 154 ,1.0
 62 - 155 , 62 - 155 ,-1.0
 62 - 155 , 63 - 155 ,1.0
 62 - 156 , 62 - 156 ,-1.0
 62 - 156 , 63 - 156 ,1.0
 62 - 157 , 62 - 157 ,-1.0
 62 - 157 , 63 - 157 ,1.0
 62 - 158 , 62 - 158 ,-1.0
 62 - 158 , 63 - 158 ,1.0
 62 - 159 , 62 - 159 ,-1.0
 62 - 159 , 63 - 159 ,1.0
 62 - 160 , 62 - 160 ,-1.0
 62 - 160 , 63 - 160 ,1.0
 62 - 161 , 62 - 161 ,-1.0
 62 - 161 , 63 - 161 ,1.0
 62 - 162 , 62 - 162 ,-1.0
 62 - 162 , 63 - 162 ,1.0
 62 - 163 , 62 - 163 ,-1.0
 62 - 163 , 63 - 163 ,1.0
 62 - 164 , 62 - 164 ,-1.0
 62 - 164 , 63 - 164 ,1.0
 62 - 165 , 62 - 165 ,-1.0
 62 - 165 , 63 - 165 ,1.0
 63 - 130 , 63 - 130 ,-1.0
 63 - 130 , 62 - 129 ,0.99
 63 - 130 , 62 - 130 ,0.01
 63 - 131 , 63 - 131 ,-1.0
 63 - 131 , 62 - 130 ,0.88
 63 - 131 , 62 - 131 ,0.12
 63 - 132 , 63 - 132 ,-1.0
 63 - 132 , 62 - 132 ,1.0
 63 - 132 , 62 - 131 ,0.0
 63 - 133 , 63 - 133 ,-1.0
 63 - 133 , 62 - 133 ,1.0
 63 - 134 , 63 - 134 ,-1.0
 63 - 134 , 62 - 134 ,0.99
 63 - 134 , 61 - 133 ,0.01
 63 - 135 , 63 - 135 ,-1.0
 63 - 135 , 62 - 135 ,0.99
 63 - 135 , 61 - 134 ,0.01
 63 - 136 , 63 - 136 ,-1.0
 63 - 136 , 62 - 136 ,0.9991
 63 - 136 , 61 - 135 ,0.0009
 63 - 137 , 63 - 137 ,-1.0
 63 - 137 , 62 - 137 ,1.0
 63 - 138 , 63 - 138 ,-1.0
 63 - 138 , 62 - 138 ,1.0
 63 - 139 , 63 - 139 ,-1.0
 63 - 139 , 62 - 139 ,1.0
 63 - 140 , 63 - 140 ,-1.0
 63 - 140 , 62 - 140 ,1.0
 63 - 141 , 63 - 141 ,-1.0
 63 - 141 , 62 - 141 ,1.0
 63 - 142 , 63 - 142 ,-1.0
 63 - 142 , 62 - 142 ,1.0
 63 - 143 , 63 - 143 ,-1.0
 63 - 143 , 62 - 143 ,1.0
 63 - 144 , 63 - 144 ,-1.0
 63 - 144 , 62 - 144 ,1.0
 63 - 145 , 63 - 145 ,-1.0
 63 - 145 , 62 - 145 ,1.0
 63 - 146 , 63 - 146 ,-1.0
 63 - 146 , 62 - 146 ,1.0
 63 - 147 , 63 - 147 ,-1.0
 63 - 147 , 62 - 147 ,0.99998
 63 - 147 , 61 - 143 ,2e-05
 63 - 148 , 63 - 148 ,-1.0
 63 - 148 , 62 - 148 ,1.0
 63 - 148 , 61 - 144 ,0.0
 63 - 149 , 63 - 149 ,-1.0
 63 - 149 , 62 - 149 ,1.0
 63 - 150 , 63 - 150 ,-1.0
 63 - 150 , 62 - 150 ,1.0
 63 - 151 , 63 - 151 ,-1.0
 63 - 152 , 63 - 152 ,-1.0
 63 - 152 , 62 - 152 ,0.721
 63 - 152 , 64 - 152 ,0.279
 63 - 153 , 63 - 153 ,-1.0
 63 - 154 , 63 - 154 ,-1.0
 63 - 154 , 64 - 154 ,0.9998
 63 - 154 , 62 - 154 ,0.0002
 63 - 155 , 63 - 155 ,-1.0
 63 - 155 , 64 - 155 ,1.0
 63 - 156 , 63 - 156 ,-1.0
 63 - 156 , 64 - 156 ,1.0
 63 - 157 , 63 - 157 ,-1.0
 63 - 157 , 64 - 157 ,1.0
 63 - 158 , 63 - 158 ,-1.0
 63 - 158 , 64 - 158 ,1.0
 63 - 159 , 63 - 159 ,-1.0
 63 - 159 , 64 - 159 ,1.0
 63 - 160 , 63 - 160 ,-1.0
 63 - 160 , 64 - 160 ,1.0
 63 - 161 , 63 - 161 ,-1.0
 63 - 161 , 64 - 161 ,1.0
 63 - 162 , 63 - 162 ,-1.0
 63 - 162 , 64 - 162 ,1.0
 63 - 163 , 63 - 163 ,-1.0
 63 - 163 , 64 - 163 ,1.0
 63 - 164 , 63 - 164 ,-1.0
 63 - 164 , 64 - 164 ,1.0
 63 - 165 , 63 - 165 ,-1.0
 63 - 165 , 64 - 165 ,1.0
 63 - 166 , 63 - 166 ,-1.0
 63 - 166 , 64 - 166 ,1.0
 63 - 167 , 63 - 167 ,-1.0
 63 - 167 , 64 - 167 ,1.0
 64 - 134 , 64 - 134 ,-1.0
 64 - 134 , 63 - 134 ,1.0
 64 - 135 , 64 - 135 ,-1.0
 64 - 135 , 63 - 135 ,0.98
 64 - 135 , 62 - 134 ,0.02
 64 - 136 , 64 - 136 ,-1.0
 64 - 136 , 63 - 136 ,1.0
 64 - 137 , 64 - 137 ,-1.0
 64 - 137 , 63 - 137 ,0.99
 64 - 137 , 62 - 136 ,0.01
 64 - 138 , 64 - 138 ,-1.0
 64 - 138 , 63 - 138 ,1.0
 64 - 139 , 64 - 139 ,-1.0
 64 - 139 , 63 - 139 ,0.99
 64 - 139 , 62 - 138 ,0.01
 64 - 140 , 64 - 140 ,-1.0
 64 - 140 , 63 - 140 ,1.0
 64 - 141 , 64 - 141 ,-1.0
 64 - 141 , 63 - 141 ,0.9997
 64 - 141 , 62 - 140 ,0.0003
 64 - 142 , 64 - 142 ,-1.0
 64 - 142 , 63 - 142 ,1.0
 64 - 143 , 64 - 143 ,-1.0
 64 - 143 , 63 - 143 ,1.0
 64 - 143 , 61 - 139 ,0.0
 64 - 143 , 62 - 142 ,0.0
 64 - 144 , 64 - 144 ,-1.0
 64 - 144 , 63 - 144 ,1.0
 64 - 145 , 64 - 145 ,-1.0
 64 - 145 , 63 - 145 ,1.0
 64 - 146 , 64 - 146 ,-1.0
 64 - 146 , 63 - 146 ,1.0
 64 - 147 , 64 - 147 ,-1.0
 64 - 147 , 63 - 147 ,1.0
 64 - 148 , 64 - 148 ,-1.0
 64 - 148 , 62 - 144 ,0.99
 64 - 148 , 62 - 148 ,0.01
 64 - 149 , 64 - 149 ,-1.0
 64 - 149 , 63 - 149 ,1.0
 64 - 149 , 62 - 145 ,0.0
 64 - 150 , 64 - 150 ,-1.0
 64 - 150 , 62 - 146 ,0.99
 64 - 150 , 62 - 150 ,0.01
 64 - 151 , 64 - 151 ,-1.0
 64 - 151 , 63 - 151 ,1.0
 64 - 151 , 62 - 147 ,0.0
 64 - 152 , 64 - 152 ,-1.0
 64 - 152 , 62 - 148 ,0.99
 64 - 152 , 62 - 152 ,0.01
 64 - 153 , 64 - 153 ,-1.0
 64 - 153 , 63 - 153 ,1.0
 64 - 154 , 64 - 154 ,-1.0
 64 - 155 , 64 - 155 ,-1.0
 64 - 156 , 64 - 156 ,-1.0
 64 - 157 , 64 - 157 ,-1.0
 64 - 158 , 64 - 158 ,-1.0
 64 - 159 , 64 - 159 ,-1.0
 64 - 159 , 65 - 159 ,1.0
 64 - 160 , 64 - 160 ,-1.0
 64 - 160 , 66 - 160 ,1.0
 64 - 161 , 64 - 161 ,-1.0
 64 - 161 , 65 - 161 ,1.0
 64 - 162 , 64 - 162 ,-1.0
 64 - 162 , 65 - 162 ,1.0
 64 - 163 , 64 - 163 ,-1.0
 64 - 163 , 65 - 163 ,1.0
 64 - 164 , 64 - 164 ,-1.0
 64 - 164 , 65 - 164 ,1.0
 64 - 165 , 64 - 165 ,-1.0
 64 - 165 , 65 - 165 ,1.0
 64 - 166 , 64 - 166 ,-1.0
 64 - 166 , 65 - 166 ,1.0
 64 - 167 , 64 - 167 ,-1.0
 64 - 167 , 65 - 167 ,1.0
 64 - 168 , 64 - 168 ,-1.0
 64 - 168 , 65 - 168 ,1.0
 64 - 169 , 64 - 169 ,-1.0
 64 - 169 , 65 - 169 ,1.0
 65 - 136 , 65 - 136 ,-1.0
 65 - 136 , 64 - 136 ,1.0
 65 - 137 , 65 - 137 ,-1.0
 65 - 137 , 64 - 136 ,1.0
 65 - 137 , 64 - 137 ,0.0
 65 - 138 , 65 - 138 ,-1.0
 65 - 138 , 64 - 138 ,1.0
 65 - 138 , 64 - 137 ,0.0
 65 - 139 , 65 - 139 ,-1.0
 65 - 139 , 64 - 139 ,0.99
 65 - 139 , 63 - 138 ,0.01
 65 - 140 , 65 - 140 ,-1.0
 65 - 140 , 64 - 140 ,0.997
 65 - 140 , 63 - 139 ,0.003
 65 - 141 , 65 - 141 ,-1.0
 65 - 141 , 64 - 141 ,1.0
 65 - 142 , 65 - 142 ,-1.0
 65 - 142 , 64 - 142 ,0.99998
 65 - 142 , 63 - 141 ,2e-05
 65 - 143 , 65 - 143 ,-1.0
 65 - 143 , 64 - 143 ,1.0
 65 - 144 , 65 - 144 ,-1.0
 65 - 144 , 64 - 144 ,0.99
 65 - 144 , 63 - 143 ,0.01
 65 - 145 , 65 - 145 ,-1.0
 65 - 145 , 64 - 145 ,1.0
 65 - 146 , 65 - 146 ,-1.0
 65 - 146 , 64 - 146 ,1.0
 65 - 147 , 65 - 147 ,-1.0
 65 - 147 , 64 - 147 ,1.0
 65 - 148 , 65 - 148 ,-1.0
 65 - 148 , 64 - 148 ,1.0
 65 - 149 , 65 - 149 ,-1.0
 65 - 149 , 64 - 149 ,0.833
 65 - 149 , 63 - 145 ,0.167
 65 - 150 , 65 - 150 ,-1.0
 65 - 150 , 64 - 150 ,0.9995
 65 - 150 , 63 - 146 ,0.0005
 65 - 151 , 65 - 151 ,-1.0
 65 - 151 , 64 - 151 ,1.0
 65 - 151 , 63 - 147 ,0.0
 65 - 152 , 65 - 152 ,-1.0
 65 - 152 , 64 - 152 ,1.0
 65 - 152 , 63 - 148 ,0.0
 65 - 153 , 65 - 153 ,-1.0
 65 - 153 , 64 - 153 ,1.0
 65 - 154 , 65 - 154 ,-1.0
 65 - 154 , 64 - 154 ,0.999
 65 - 154 , 66 - 154 ,0.001
 65 - 155 , 65 - 155 ,-1.0
 65 - 155 , 64 - 155 ,1.0
 65 - 156 , 65 - 156 ,-1.0
 65 - 156 , 64 - 156 ,1.0
 65 - 156 , 66 - 156 ,0.0
 65 - 157 , 65 - 157 ,-1.0
 65 - 157 , 64 - 157 ,1.0
 65 - 158 , 65 - 158 ,-1.0
 65 - 158 , 64 - 158 ,0.834
 65 - 158 , 66 - 158 ,0.166
 65 - 159 , 65 - 159 ,-1.0
 65 - 160 , 65 - 160 ,-1.0
 65 - 160 , 66 - 160 ,1.0
 65 - 161 , 65 - 161 ,-1.0
 65 - 161 , 66 - 161 ,1.0
 65 - 162 , 65 - 162 ,-1.0
 65 - 162 , 66 - 162 ,1.0
 65 - 163 , 65 - 163 ,-1.0
 65 - 163 , 66 - 163 ,1.0
 65 - 164 , 65 - 164 ,-1.0
 65 - 164 , 66 - 164 ,1.0
 65 - 165 , 65 - 165 ,-1.0
 65 - 165 , 66 - 165 ,1.0
 65 - 166 , 65 - 166 ,-1.0
 65 - 166 , 66 - 166 ,1.0
 65 - 167 , 65 - 167 ,-1.0
 65 - 167 , 66 - 167 ,1.0
 65 - 168 , 65 - 168 ,-1.0
 65 - 168 , 66 - 168 ,1.0
 65 - 169 , 65 - 169 ,-1.0
 65 - 169 , 65 - 169 ,1.0
 65 - 170 , 65 - 170 ,-1.0
 65 - 170 , 66 - 170 ,1.0
 65 - 171 , 65 - 171 ,-1.0
 65 - 171 , 66 - 171 ,1.0
 66 - 138 , 66 - 138 ,-1.0
 66 - 138 , 65 - 138 ,1.0
 66 - 139 , 66 - 139 ,-1.0
 66 - 139 , 65 - 139 ,0.99
 66 - 139 , 64 - 138 ,0.01
 66 - 140 , 66 - 140 ,-1.0
 66 - 140 , 65 - 140 ,1.0
 66 - 141 , 66 - 141 ,-1.0
 66 - 141 , 65 - 141 ,0.99
 66 - 141 , 64 - 140 ,0.01
 66 - 142 , 66 - 142 ,-1.0
 66 - 142 , 65 - 142 ,0.9994
 66 - 142 , 64 - 141 ,0.0006
 66 - 143 , 66 - 143 ,-1.0
 66 - 143 , 65 - 143 ,0.99
 66 - 143 , 64 - 142 ,0.01
 66 - 144 , 66 - 144 ,-1.0
 66 - 144 , 65 - 144 ,0.99
 66 - 144 , 64 - 143 ,0.01
 66 - 145 , 66 - 145 ,-1.0
 66 - 145 , 65 - 145 ,0.99
 66 - 145 , 64 - 144 ,0.01
 66 - 146 , 66 - 146 ,-1.0
 66 - 146 , 65 - 146 ,1.0
 66 - 147 , 66 - 147 ,-1.0
 66 - 147 , 65 - 147 ,0.9995
 66 - 147 , 64 - 146 ,0.0005
 66 - 148 , 66 - 148 ,-1.0
 66 - 148 , 65 - 148 ,1.0
 66 - 149 , 66 - 149 ,-1.0
 66 - 149 , 65 - 149 ,1.0
 66 - 150 , 66 - 150 ,-1.0
 66 - 150 , 65 - 150 ,0.64
 66 - 150 , 64 - 146 ,0.36
 66 - 151 , 66 - 151 ,-1.0
 66 - 151 , 65 - 151 ,0.944
 66 - 151 , 64 - 147 ,0.056
 66 - 152 , 66 - 152 ,-1.0
 66 - 152 , 65 - 152 ,0.999
 66 - 152 , 64 - 148 ,0.001
 66 - 153 , 66 - 153 ,-1.0
 66 - 153 , 65 - 153 ,0.99991
 66 - 153 , 64 - 149 ,9e-05
 66 - 154 , 66 - 154 ,-1.0
 66 - 154 , 64 - 150 ,0.99
 66 - 154 , 64 - 154 ,0.01
 66 - 155 , 66 - 155 ,-1.0
 66 - 155 , 65 - 155 ,1.0
 66 - 156 , 66 - 156 ,-1.0
 66 - 156 , 64 - 152 ,1.0
 66 - 156 , 64 - 156 ,0.0
 66 - 157 , 66 - 157 ,-1.0
 66 - 157 , 65 - 157 ,1.0
 66 - 158 , 66 - 158 ,-1.0
 66 - 158 , 64 - 154 ,1.0
 66 - 158 , 64 - 158 ,0.0
 66 - 159 , 66 - 159 ,-1.0
 66 - 159 , 65 - 159 ,1.0
 66 - 160 , 66 - 160 ,-1.0
 66 - 161 , 66 - 161 ,-1.0
 66 - 162 , 66 - 162 ,-1.0
 66 - 163 , 66 - 163 ,-1.0
 66 - 164 , 66 - 164 ,-1.0
 66 - 165 , 66 - 165 ,-1.0
 66 - 165 , 67 - 165 ,1.0
 66 - 166 , 66 - 166 ,-1.0
 66 - 166 , 67 - 166 ,1.0
 66 - 167 , 66 - 167 ,-1.0
 66 - 167 , 67 - 167 ,1.0
 66 - 168 , 66 - 168 ,-1.0
 66 - 168 , 67 - 168 ,1.0
 66 - 169 , 66 - 169 ,-1.0
 66 - 169 , 67 - 169 ,1.0
 66 - 170 , 66 - 170 ,-1.0
 66 - 170 , 67 - 170 ,1.0
 66 - 171 , 66 - 171 ,-1.0
 66 - 171 , 67 - 171 ,1.0
 66 - 172 , 66 - 172 ,-1.0
 66 - 172 , 67 - 172 ,1.0
 66 - 173 , 66 - 173 ,-1.0
 66 - 173 , 67 - 173 ,1.0
 67 - 140 , 67 - 140 ,-1.0
 67 - 140 , 66 - 139 ,0.99
 67 - 140 , 66 - 140 ,0.01
 67 - 141 , 67 - 141 ,-1.0
 67 - 141 , 66 - 140 ,0.99
 67 - 141 , 66 - 141 ,0.01
 67 - 142 , 67 - 142 ,-1.0
 67 - 142 , 66 - 142 ,1.0
 67 - 142 , 66 - 141 ,0.0
 67 - 142 , 65 - 141 ,0.0
 67 - 143 , 67 - 143 ,-1.0
 67 - 143 , 66 - 143 ,1.0
 67 - 144 , 67 - 144 ,-1.0
 67 - 144 , 66 - 144 ,0.99
 67 - 144 , 65 - 143 ,0.01
 67 - 145 , 67 - 145 ,-1.0
 67 - 145 , 66 - 145 ,1.0
 67 - 146 , 67 - 146 ,-1.0
 67 - 146 , 66 - 146 ,0.99
 67 - 146 , 65 - 145 ,0.01
 67 - 147 , 67 - 147 ,-1.0
 67 - 147 , 66 - 147 ,0.99
 67 - 147 , 65 - 146 ,0.01
 67 - 148 , 67 - 148 ,-1.0
 67 - 148 , 66 - 148 ,1.0
 67 - 149 , 67 - 149 ,-1.0
 67 - 149 , 66 - 149 ,1.0
 67 - 150 , 67 - 150 ,-1.0
 67 - 150 , 66 - 150 ,1.0
 67 - 151 , 67 - 151 ,-1.0
 67 - 151 , 66 - 151 ,0.78
 67 - 151 , 65 - 147 ,0.22
 67 - 152 , 67 - 152 ,-1.0
 67 - 152 , 66 - 152 ,0.88
 67 - 152 , 65 - 148 ,0.12
 67 - 153 , 67 - 153 ,-1.0
 67 - 153 , 66 - 153 ,0.9995
 67 - 153 , 65 - 149 ,0.0005
 67 - 154 , 67 - 154 ,-1.0
 67 - 154 , 66 - 154 ,0.9998
 67 - 154 , 65 - 150 ,0.0002
 67 - 155 , 67 - 155 ,-1.0
 67 - 155 , 66 - 155 ,1.0
 67 - 156 , 67 - 156 ,-1.0
 67 - 156 , 66 - 156 ,1.0
 67 - 157 , 67 - 157 ,-1.0
 67 - 157 , 66 - 157 ,1.0
 67 - 158 , 67 - 158 ,-1.0
 67 - 158 , 66 - 158 ,0.99
 67 - 158 , 65 - 154 ,0.01
 67 - 159 , 67 - 159 ,-1.0
 67 - 159 , 66 - 159 ,1.0
 67 - 160 , 67 - 160 ,-1.0
 67 - 160 , 66 - 160 ,1.0
 67 - 161 , 67 - 161 ,-1.0
 67 - 161 , 66 - 161 ,1.0
 67 - 162 , 67 - 162 ,-1.0
 67 - 162 , 66 - 162 ,1.0
 67 - 163 , 67 - 163 ,-1.0
 67 - 163 , 66 - 163 ,1.0
 67 - 164 , 67 - 164 ,-1.0
 67 - 164 , 66 - 164 ,0.6
 67 - 164 , 68 - 164 ,0.4
 67 - 165 , 67 - 165 ,-1.0
 67 - 166 , 67 - 166 ,-1.0
 67 - 166 , 68 - 166 ,1.0
 67 - 167 , 67 - 167 ,-1.0
 67 - 167 , 68 - 167 ,1.0
 67 - 168 , 67 - 168 ,-1.0
 67 - 168 , 68 - 168 ,1.0
 67 - 169 , 67 - 169 ,-1.0
 67 - 169 , 68 - 169 ,1.0
 67 - 170 , 67 - 170 ,-1.0
 67 - 170 , 68 - 170 ,1.0
 67 - 171 , 67 - 171 ,-1.0
 67 - 171 , 68 - 171 ,1.0
 67 - 172 , 67 - 172 ,-1.0
 67 - 172 , 68 - 172 ,1.0
 67 - 173 , 67 - 173 ,-1.0
 67 - 173 , 68 - 173 ,1.0
 67 - 174 , 67 - 174 ,-1.0
 67 - 174 , 68 - 174 ,1.0
 67 - 175 , 67 - 175 ,-1.0
 67 - 175 , 68 - 175 ,1.0
 68 - 143 , 68 - 143 ,-1.0
 68 - 143 , 67 - 143 ,1.0
 68 - 144 , 68 - 144 ,-1.0
 68 - 144 , 67 - 144 ,1.0
 68 - 145 , 68 - 145 ,-1.0
 68 - 145 , 67 - 145 ,0.99
 68 - 145 , 66 - 144 ,0.01
 68 - 146 , 68 - 146 ,-1.0
 68 - 146 , 67 - 146 ,0.99
 68 - 146 , 66 - 145 ,0.01
 68 - 147 , 68 - 147 ,-1.0
 68 - 147 , 67 - 147 ,0.99
 68 - 147 , 66 - 146 ,0.01
 68 - 148 , 68 - 148 ,-1.0
 68 - 148 , 67 - 148 ,0.998
 68 - 148 , 66 - 147 ,0.002
 68 - 149 , 68 - 149 ,-1.0
 68 - 149 , 67 - 149 ,0.93
 68 - 149 , 66 - 148 ,0.07
 68 - 150 , 68 - 150 ,-1.0
 68 - 150 , 67 - 150 ,1.0
 68 - 151 , 68 - 151 ,-1.0
 68 - 151 , 67 - 151 ,1.0
 68 - 152 , 68 - 152 ,-1.0
 68 - 152 , 66 - 148 ,0.9
 68 - 152 , 67 - 152 ,0.1
 68 - 153 , 68 - 153 ,-1.0
 68 - 153 , 66 - 149 ,0.53
 68 - 153 , 67 - 153 ,0.47
 68 - 154 , 68 - 154 ,-1.0
 68 - 154 , 67 - 154 ,0.995
 68 - 154 , 66 - 150 ,0.005
 68 - 155 , 68 - 155 ,-1.0
 68 - 155 , 67 - 155 ,0.9998
 68 - 155 , 66 - 151 ,0.0002
 68 - 156 , 68 - 156 ,-1.0
 68 - 156 , 67 - 156 ,1.0
 68 - 156 , 66 - 152 ,0.0
 68 - 157 , 68 - 157 ,-1.0
 68 - 157 , 67 - 157 ,1.0
 68 - 158 , 68 - 158 ,-1.0
 68 - 158 , 67 - 158 ,1.0
 68 - 159 , 68 - 159 ,-1.0
 68 - 159 , 67 - 159 ,1.0
 68 - 160 , 68 - 160 ,-1.0
 68 - 160 , 67 - 160 ,1.0
 68 - 161 , 68 - 161 ,-1.0
 68 - 161 , 67 - 161 ,1.0
 68 - 162 , 68 - 162 ,-1.0
 68 - 162 , 66 - 158 ,1.0
 68 - 162 , 66 - 162 ,0.0
 68 - 163 , 68 - 163 ,-1.0
 68 - 163 , 67 - 163 ,1.0
 68 - 164 , 68 - 164 ,-1.0
 68 - 164 , 66 - 160 ,1.0
 68 - 164 , 66 - 164 ,0.0
 68 - 165 , 68 - 165 ,-1.0
 68 - 165 , 67 - 165 ,1.0
 68 - 166 , 68 - 166 ,-1.0
 68 - 167 , 68 - 167 ,-1.0
 68 - 168 , 68 - 168 ,-1.0
 68 - 169 , 68 - 169 ,-1.0
 68 - 169 , 69 - 169 ,1.0
 68 - 170 , 68 - 170 ,-1.0
 68 - 170 , 70 - 170 ,1.0
 68 - 170 , 66 - 166 ,0.0
 68 - 171 , 68 - 171 ,-1.0
 68 - 171 , 69 - 171 ,1.0
 68 - 172 , 68 - 172 ,-1.0
 68 - 172 , 69 - 172 ,1.0
 68 - 173 , 68 - 173 ,-1.0
 68 - 173 , 69 - 173 ,1.0
 68 - 174 , 68 - 174 ,-1.0
 68 - 174 , 69 - 174 ,1.0
 68 - 175 , 68 - 175 ,-1.0
 68 - 175 , 69 - 175 ,1.0
 68 - 176 , 68 - 176 ,-1.0
 68 - 176 , 69 - 176 ,1.0
 69 - 145 , 69 - 145 ,-1.0
 69 - 145 , 68 - 144 ,1.0
 69 - 146 , 69 - 146 ,-1.0
 69 - 146 , 68 - 145 ,0.99
 69 - 146 , 68 - 146 ,0.01
 69 - 147 , 69 - 147 ,-1.0
 69 - 147 , 68 - 147 ,0.85
 69 - 147 , 68 - 146 ,0.15
 69 - 148 , 69 - 148 ,-1.0
 69 - 148 , 68 - 148 ,1.0
 69 - 149 , 69 - 149 ,-1.0
 69 - 149 , 68 - 149 ,0.997
 69 - 149 , 67 - 148 ,0.003
 69 - 150 , 69 - 150 ,-1.0
 69 - 150 , 68 - 150 ,1.0
 69 - 151 , 69 - 151 ,-1.0
 69 - 151 , 68 - 151 ,1.0
 69 - 152 , 69 - 152 ,-1.0
 69 - 152 , 68 - 152 ,1.0
 69 - 153 , 69 - 153 ,-1.0
 69 - 153 , 67 - 149 ,0.91
 69 - 153 , 68 - 153 ,0.09
 69 - 154 , 69 - 154 ,-1.0
 69 - 154 , 67 - 150 ,0.54
 69 - 154 , 68 - 154 ,0.46
 69 - 155 , 69 - 155 ,-1.0
 69 - 155 , 68 - 155 ,0.981
 69 - 155 , 67 - 151 ,0.019
 69 - 156 , 69 - 156 ,-1.0
 69 - 156 , 68 - 156 ,0.9994
 69 - 156 , 67 - 152 ,0.0006
 69 - 157 , 69 - 157 ,-1.0
 69 - 157 , 68 - 157 ,1.0
 69 - 158 , 69 - 158 ,-1.0
 69 - 158 , 68 - 158 ,1.0
 69 - 159 , 69 - 159 ,-1.0
 69 - 159 , 68 - 159 ,1.0
 69 - 160 , 69 - 160 ,-1.0
 69 - 160 , 68 - 160 ,1.0
 69 - 161 , 69 - 161 ,-1.0
 69 - 161 , 68 - 161 ,1.0
 69 - 162 , 69 - 162 ,-1.0
 69 - 162 , 68 - 162 ,1.0
 69 - 163 , 69 - 163 ,-1.0
 69 - 163 , 68 - 163 ,1.0
 69 - 164 , 69 - 164 ,-1.0
 69 - 164 , 68 - 164 ,1.0
 69 - 165 , 69 - 165 ,-1.0
 69 - 165 , 68 - 165 ,1.0
 69 - 166 , 69 - 166 ,-1.0
 69 - 166 , 68 - 166 ,1.0
 69 - 167 , 69 - 167 ,-1.0
 69 - 167 , 68 - 167 ,1.0
 69 - 168 , 69 - 168 ,-1.0
 69 - 168 , 68 - 168 ,0.9999
 69 - 168 , 70 - 168 ,0.0001
 69 - 169 , 69 - 169 ,-1.0
 69 - 170 , 69 - 170 ,-1.0
 69 - 170 , 70 - 170 ,0.999
 69 - 170 , 68 - 170 ,0.001
 69 - 171 , 69 - 171 ,-1.0
 69 - 171 , 70 - 171 ,1.0
 69 - 172 , 69 - 172 ,-1.0
 69 - 172 , 70 - 172 ,1.0
 69 - 173 , 69 - 173 ,-1.0
 69 - 173 , 70 - 173 ,1.0
 69 - 174 , 69 - 174 ,-1.0
 69 - 174 , 70 - 174 ,1.0
 69 - 175 , 69 - 175 ,-1.0
 69 - 175 , 70 - 175 ,1.0
 69 - 176 , 69 - 176 ,-1.0
 69 - 176 , 70 - 176 ,1.0
 69 - 177 , 69 - 177 ,-1.0
 69 - 177 , 70 - 177 ,1.0
 70 - 148 , 70 - 148 ,-1.0
 70 - 148 , 69 - 148 ,1.0
 70 - 149 , 70 - 149 ,-1.0
 70 - 149 , 69 - 149 ,0.99
 70 - 149 , 68 - 148 ,0.01
 70 - 150 , 70 - 150 ,-1.0
 70 - 150 , 69 - 150 ,1.0
 70 - 151 , 70 - 151 ,-1.0
 70 - 151 , 69 - 151 ,0.99
 70 - 151 , 68 - 150 ,0.01
 70 - 152 , 70 - 152 ,-1.0
 70 - 152 , 69 - 152 ,0.99
 70 - 152 , 68 - 151 ,0.01
 70 - 153 , 70 - 153 ,-1.0
 70 - 153 , 68 - 149 ,0.5
 70 - 153 , 69 - 153 ,0.5
 70 - 153 , 68 - 152 ,0.0
 70 - 154 , 70 - 154 ,-1.0
 70 - 154 , 68 - 150 ,0.926
 70 - 154 , 69 - 154 ,0.074
 70 - 155 , 70 - 155 ,-1.0
 70 - 155 , 68 - 151 ,0.89
 70 - 155 , 69 - 155 ,0.11
 70 - 156 , 70 - 156 ,-1.0
 70 - 156 , 69 - 156 ,0.9
 70 - 156 , 68 - 152 ,0.1
 70 - 157 , 70 - 157 ,-1.0
 70 - 157 , 69 - 157 ,0.995
 70 - 157 , 68 - 153 ,0.005
 70 - 158 , 70 - 158 ,-1.0
 70 - 158 , 69 - 158 ,0.99998
 70 - 158 , 68 - 154 ,2e-05
 70 - 159 , 70 - 159 ,-1.0
 70 - 159 , 69 - 159 ,1.0
 70 - 160 , 70 - 160 ,-1.0
 70 - 160 , 69 - 160 ,1.0
 70 - 161 , 70 - 161 ,-1.0
 70 - 161 , 69 - 161 ,1.0
 70 - 162 , 70 - 162 ,-1.0
 70 - 162 , 69 - 162 ,1.0
 70 - 163 , 70 - 163 ,-1.0
 70 - 163 , 69 - 163 ,1.0
 70 - 164 , 70 - 164 ,-1.0
 70 - 164 , 69 - 164 ,1.0
 70 - 165 , 70 - 165 ,-1.0
 70 - 165 , 69 - 165 ,1.0
 70 - 166 , 70 - 166 ,-1.0
 70 - 166 , 69 - 166 ,1.0
 70 - 167 , 70 - 167 ,-1.0
 70 - 167 , 69 - 167 ,1.0
 70 - 168 , 70 - 168 ,-1.0
 70 - 168 , 68 - 164 ,1.0
 70 - 168 , 68 - 168 ,0.0
 70 - 169 , 70 - 169 ,-1.0
 70 - 169 , 69 - 169 ,1.0
 70 - 170 , 70 - 170 ,-1.0
 70 - 171 , 70 - 171 ,-1.0
 70 - 172 , 70 - 172 ,-1.0
 70 - 173 , 70 - 173 ,-1.0
 70 - 174 , 70 - 174 ,-1.0
 70 - 175 , 70 - 175 ,-1.0
 70 - 175 , 71 - 175 ,1.0
 70 - 176 , 70 - 176 ,-1.0
 70 - 176 , 72 - 176 ,1.0
 70 - 176 , 68 - 172 ,0.0
 70 - 177 , 70 - 177 ,-1.0
 70 - 177 , 71 - 177 ,1.0
 70 - 178 , 70 - 178 ,-1.0
 70 - 178 , 71 - 178 ,1.0
 71 - 150 , 71 - 150 ,-1.0
 71 - 150 , 70 - 149 ,0.7
 71 - 150 , 70 - 150 ,0.3
 71 - 151 , 71 - 151 ,-1.0
 71 - 151 , 70 - 150 ,0.63
 71 - 151 , 70 - 151 ,0.37
 71 - 152 , 71 - 152 ,-1.0
 71 - 152 , 70 - 152 ,0.85
 71 - 152 , 69 - 151 ,0.15
 71 - 153 , 71 - 153 ,-1.0
 71 - 153 , 69 - 149 ,0.7
 71 - 153 , 70 - 153 ,0.3
 71 - 153 , 70 - 153 ,0.0
 71 - 154 , 71 - 154 ,-1.0
 71 - 154 , 70 - 154 ,1.0
 71 - 155 , 71 - 155 ,-1.0
 71 - 155 , 69 - 151 ,0.88
 71 - 155 , 70 - 155 ,0.12
 71 - 156 , 71 - 156 ,-1.0
 71 - 156 , 69 - 152 ,0.95
 71 - 156 , 70 - 156 ,0.05
 71 - 157 , 71 - 157 ,-1.0
 71 - 157 , 70 - 157 ,1.0
 71 - 157 , 69 - 153 ,0.0
 71 - 158 , 71 - 158 ,-1.0
 71 - 158 , 70 - 158 ,0.991
 71 - 158 , 69 - 154 ,0.009
 71 - 159 , 71 - 159 ,-1.0
 71 - 159 , 70 - 159 ,0.999
 71 - 159 , 69 - 155 ,0.001
 71 - 160 , 71 - 160 ,-1.0
 71 - 160 , 70 - 160 ,1.0
 71 - 160 , 69 - 156 ,0.0
 71 - 161 , 71 - 161 ,-1.0
 71 - 161 , 70 - 161 ,1.0
 71 - 162 , 71 - 162 ,-1.0
 71 - 162 , 70 - 162 ,1.0
 71 - 163 , 71 - 163 ,-1.0
 71 - 163 , 70 - 163 ,1.0
 71 - 164 , 71 - 164 ,-1.0
 71 - 164 , 70 - 164 ,1.0
 71 - 165 , 71 - 165 ,-1.0
 71 - 165 , 70 - 165 ,1.0
 71 - 166 , 71 - 166 ,-1.0
 71 - 166 , 70 - 166 ,1.0
 71 - 167 , 71 - 167 ,-1.0
 71 - 167 , 70 - 167 ,1.0
 71 - 168 , 71 - 168 ,-1.0
 71 - 168 , 70 - 168 ,1.0
 71 - 169 , 71 - 169 ,-1.0
 71 - 169 , 70 - 169 ,1.0
 71 - 170 , 71 - 170 ,-1.0
 71 - 170 , 70 - 170 ,1.0
 71 - 171 , 71 - 171 ,-1.0
 71 - 171 , 70 - 171 ,1.0
 71 - 172 , 71 - 172 ,-1.0
 71 - 172 , 70 - 172 ,1.0
 71 - 173 , 71 - 173 ,-1.0
 71 - 173 , 70 - 173 ,1.0
 71 - 174 , 71 - 174 ,-1.0
 71 - 174 , 70 - 174 ,1.0
 71 - 175 , 71 - 175 ,-1.0
 71 - 176 , 71 - 176 ,-1.0
 71 - 176 , 72 - 176 ,1.0
 71 - 177 , 71 - 177 ,-1.0
 71 - 177 , 72 - 177 ,1.0
 71 - 178 , 71 - 178 ,-1.0
 71 - 178 , 72 - 178 ,1.0
 71 - 179 , 71 - 179 ,-1.0
 71 - 179 , 72 - 179 ,1.0
 72 - 176 , 72 - 176 ,-1.0
 72 - 177 , 72 - 177 ,-1.0
 72 - 178 , 72 - 178 ,-1.0
 72 - 179 , 72 - 179 ,-1.0
