Isotopes,Half Lives (sec),Decay Constant,Fission Yields
 23 - 059 ,0.075,9.241962407465936,1e-30
 23 - 060 ,0.068,10.19334089058743,1e-30
 23 - 061 ,0.047,14.747812352339261,1e-30
 23 - 062 ,1.5e-07,4620981.203732968,1e-30
 23 - 063 ,0.017,40.77336356234972,1e-30
 23 - 064 ,0.019,36.4814305557866,1e-30
 23 - 065 ,0.01,69.31471805599453,1e-30
 24 - 058 ,7.0,0.09902102579427788,1e-30
 24 - 059 ,0.46,1.5068416968694462,1e-30
 24 - 060 ,0.57,1.2160476851928863,1e-30
 24 - 061 ,0.27,2.567211779851649,1e-30
 24 - 062 ,0.19,3.6481430555786587,1e-30
 24 - 063 ,0.129,5.373233957829033,1e-30
 24 - 064 ,0.043,16.119701873487102,1e-30
 24 - 065 ,0.027000000000000003,25.67211779851649,1e-30
 24 - 066 ,0.01,69.31471805599453,1.53359e-13
 24 - 067 ,0.01,69.31471805599453,3.09736e-14
 25 - 058 ,3.0,0.2310490601866484,1e-30
 25 - 059 ,4.59,0.15101245763833232,1e-30
 25 - 060 ,51.0,0.013591121187449907,1e-30
 25 - 061 ,0.67,1.0345480306864854,1e-30
 25 - 062 ,0.88,0.7876672506363015,1e-30
 25 - 063 ,0.29,2.3901626915860184,1e-30
 25 - 064 ,0.0888,7.805711492792176,1e-30
 25 - 065 ,0.091,7.617001984175223,1e-30
 25 - 066 ,0.0644,10.7631549776389,1.84657e-11
 25 - 067 ,0.047,14.747812352339261,1.01914e-11
 25 - 068 ,0.027999999999999997,24.75525644856947,3.91515e-12
 25 - 069 ,0.013999999999999999,49.51051289713895,9.90683e-13
 26 - 058 ,1e+100,6.931471805599452e-101,1e-30
 26 - 059 ,3844400.0,1.803004839662744e-07,1e-30
 26 - 060 ,81990000000000.0,8.454045378216189e-15,1e-30
 26 - 061 ,359.0,0.0019307720906962267,1e-30
 26 - 062 ,68.0,0.010193340890587429,1e-30
 26 - 063 ,6.1,0.11363068533769595,1e-30
 26 - 064 ,2.0,0.34657359027997264,1e-30
 26 - 065 ,1.3,0.5331901388922656,1e-30
 26 - 066 ,0.44,1.575334501272603,2.3208300000000001e-10
 26 - 067 ,0.6,1.1552453009332422,3.27944e-10
 26 - 068 ,0.187,3.7066694147590655,3.2188999999999996e-10
 26 - 069 ,0.109,6.3591484455040845,2.1493000000000003e-10
 26 - 070 ,0.094,7.373906176169631,8.95035e-11
 26 - 071 ,1.5e-07,4620981.203732968,2.83546e-11
 26 - 072 ,1.5e-07,4620981.203732968,5.3372699999999995e-12
 27 - 058 ,6122000.0,1.1322234246323836e-07,1e-30
 27 - 059 ,1e+100,6.931471805599452e-101,1e-30
 27 - 060 ,166350000.0,4.166800003366067e-09,1e-30
 27 - 061 ,5940.0,0.00011669144453871133,1e-30
 27 - 062 ,90.0,0.0077016353395549485,1e-30
 27 - 063 ,27.4,0.025297342356202384,1e-30
 27 - 064 ,0.3,2.3104906018664844,1e-30
 27 - 065 ,1.2,0.5776226504666211,1e-30
 27 - 066 ,0.18,3.8508176697774736,2.4621e-10
 27 - 067 ,0.425,1.630934542493989,8.304550000000001e-10
 27 - 068 ,0.2,3.465735902799726,2.0319100000000003e-09
 27 - 069 ,0.22,3.150669002545206,3.14826e-09
 27 - 070 ,0.19899999999999998,3.4831516611052526,2.67237e-09
 27 - 071 ,0.079,8.774014943796775,2.79509e-09
 27 - 072 ,0.062,11.179793234837827,1.43286e-09
 27 - 073 ,0.040999999999999995,16.906028794145005,5.09574e-10
 27 - 074 ,1.5e-07,4620981.203732968,1.19069e-10
 27 - 075 ,1.5e-07,4620981.203732968,1.73521e-11
 28 - 058 ,1e+100,6.931471805599452e-101,1e-30
 28 - 059 ,2400000000000.0,2.888113252333105e-13,1e-30
 28 - 060 ,1e+100,6.931471805599452e-101,1e-30
 28 - 061 ,1e+100,6.931471805599452e-101,1e-30
 28 - 062 ,1e+100,6.931471805599452e-101,1e-30
 28 - 063 ,3157000000.0,2.1955881550837666e-10,1e-30
 28 - 064 ,1e+100,6.931471805599452e-101,1e-30
 28 - 065 ,9061.9,7.649027031416648e-05,1e-30
 28 - 066 ,197000.0,3.5185136069032754e-06,3.38035e-11
 28 - 067 ,21.0,0.033007008598092635,2.785e-10
 28 - 068 ,29.0,0.02390162691586018,1.51359e-09
 28 - 069 ,11.4,0.06080238425964433,4.88872e-09
 28 - 070 ,6.0,0.1155245300933242,1.47322e-08
 28 - 071 ,2.56,0.27076061740622864,2.9060900000000002e-08
 28 - 072 ,1.57,0.4414950194649333,3.78397e-08
 28 - 073 ,0.84,0.8251752149523158,3.43081e-08
 28 - 074 ,0.68,1.019334089058743,2.09884e-08
 28 - 075 ,0.6,1.1552453009332422,8.40546e-09
 28 - 076 ,0.23800000000000002,2.9123831115964087,2.3813800000000003e-09
 28 - 077 ,1.5e-07,4620981.203732968,4.1163699999999996e-10
 28 - 078 ,1.5e-07,4620981.203732968,8.47505e-11
 29 - 063 ,1e+100,6.931471805599452e-101,1e-30
 29 - 064 ,45700.0,1.516733436673841e-05,1e-30
 29 - 065 ,1e+100,6.931471805599452e-101,1e-30
 29 - 066 ,307.0,0.002257808405732721,3.3299000000000003e-13
 29 - 067 ,222600.0,3.1138687356691164e-06,7.2450399999999996e-12
 29 - 068 ,31.1,0.022287690693245828,9.88879e-11
 29 - 069 ,171.0,0.004053492283976288,9.06135e-10
 29 - 070 ,44.5,0.015576341136178546,5.7148e-09
 29 - 071 ,19.5,0.035546009259484375,2.5932900000000003e-08
 29 - 072 ,6.6,0.1050223000848402,7.99174e-08
 29 - 073 ,4.3,0.161197018734871,1.7153999999999999e-07
 29 - 074 ,1.594,0.4348476665997147,2.54283e-07
 29 - 075 ,1.224,0.5662967161437462,2.6134699999999996e-07
 29 - 076 ,0.64,1.0830424696249146,1.6027049999999998e-07
 29 - 077 ,0.469,1.4779257581235508,8.980629999999999e-08
 29 - 078 ,0.342,2.026746141988144,4.98475e-08
 29 - 079 ,0.188,3.686953088084816,9.54364e-09
 29 - 080 ,3e-07,2310490.6018664846,9.6466e-10
 30 - 064 ,1e+100,6.931471805599452e-101,1e-30
 30 - 065 ,21052000.0,3.292547884096263e-08,1e-30
 30 - 066 ,1e+100,6.931471805599452e-101,2.95804e-16
 30 - 067 ,1e+100,6.931471805599452e-101,1.8062200000000002e-14
 30 - 068 ,1e+100,6.931471805599452e-101,6.60934e-13
 30 - 069 ,3380.0,0.00020507313034317907,1.5933020000000002e-11
 30 - 070 ,4.1e+23,1.6906028794145008e-24,2.59329e-10
 30 - 071 ,147.0,0.004715286942584661,2.951491e-09
 30 - 072 ,167000.0,4.1505819195206295e-06,2.2401100000000002e-08
 30 - 073 ,23.5,0.02949562470467852,1.024403e-07
 30 - 074 ,95.6,0.007250493520501521,3.8546e-07
 30 - 075 ,10.2,0.06795560593724954,9.46498e-07
 30 - 076 ,5.7,0.12160476851928866,1.65486e-06
 30 - 077 ,2.08,0.333243836807666,1.734622e-06
 30 - 078 ,1.47,0.4715286942584662,2.7446399999999998e-06
 30 - 079 ,0.995,0.6966303322210505,1.3723199999999999e-06
 30 - 080 ,0.54,1.2836058899258245,3.79407e-07
 30 - 081 ,0.29,2.3901626915860184,9.84842e-08
 30 - 082 ,1.5e-07,4620981.203732968,1.7154e-08
 30 - 083 ,1.5e-07,4620981.203732968,2.70389e-09
 31 - 067 ,281810.0,2.459625920158778e-06,1e-30
 31 - 068 ,4063.0,0.00017059984754121224,2.30961e-16
 31 - 069 ,1e+100,6.931471805599452e-101,1.72549e-14
 31 - 070 ,1268.0,0.0005466460414510608,7.84039e-13
 31 - 071 ,1e+100,6.931471805599452e-101,2.37129e-11
 31 - 072 ,50800.0,1.3644629538581599e-05,4.78294e-10
 31 - 073 ,17500.0,3.9608410317711155e-05,6.054350000000001e-09
 31 - 074 ,487.0,0.0014233001654208322,5.095751e-08
 31 - 075 ,126.0,0.0055011680996821044,3.03726e-07
 31 - 076 ,32.6,0.021262183452759056,1.23105e-06
 31 - 077 ,13.2,0.0525111500424201,3.45098e-06
 31 - 078 ,5.09,0.1361782280078478,1.14326e-05
 31 - 079 ,2.847,0.2434658168457834,1.3783800000000002e-05
 31 - 080 ,1.676,0.4135723034367215,9.71724e-06
 31 - 081 ,1.217,0.5695539692357808,6.46807e-06
 31 - 082 ,0.599,1.1571739241401424,3.03726e-06
 31 - 083 ,0.308,2.250477858960861,1.3622299999999998e-06
 31 - 084 ,0.085,8.154672712469944,1.86676e-07
 31 - 085 ,1.5e-07,4620981.203732968,2.8751999999999998e-08
 31 - 086 ,1.5e-07,4620981.203732968,1.34205e-09
 32 - 068 ,23410000.0,2.9609020955145037e-08,1e-30
 32 - 069 ,140600.0,4.9299230480792685e-06,1e-30
 32 - 070 ,1e+100,6.931471805599452e-101,1e-30
 32 - 071 ,987600.0,7.018501220736585e-07,1.7922909999999998e-14
 32 - 072 ,1e+100,6.931471805599452e-101,9.676870000000002e-13
 32 - 073 ,1e+100,6.931471805599452e-101,3.3006279999999996e-11
 32 - 074 ,1e+100,6.931471805599452e-101,7.305589999999999e-10
 32 - 075 ,4967.0,0.00013955046920876692,1.1483079999999998e-08
 32 - 076 ,1e+100,6.931471805599452e-101,1.16042e-07
 32 - 077 ,40700.0,1.7030643257001113e-05,8.052280000000001e-07
 32 - 078 ,5300.0,0.00013078248689810289,6.26625e-06
 32 - 079 ,18.98,0.03651987252686751,1.750715e-05
 32 - 080 ,29.5,0.02349651459525238,2.93636e-05
 32 - 081 ,7.6,0.0912035763894665,3.977387e-05
 32 - 082 ,4.55,0.15234003968350446,5.4418599999999994e-05
 32 - 083 ,1.85,0.3746741516540245,6.45091e-05
 32 - 084 ,0.9470000000000001,0.7319400005912834,2.41972e-05
 32 - 085 ,0.535,1.2956022066541033,1.0746400000000001e-05
 32 - 086 ,1.5e-07,4620981.203732968,1.43286e-06
 32 - 087 ,0.14,4.951051289713893,2.0380099999999999e-07
 32 - 088 ,3e-07,2310490.6018664846,1.60421e-08
 32 - 089 ,0.05,13.862943611198904,2.36286e-10
 33 - 068 ,151.6,0.004572210953561646,1e-30
 33 - 069 ,912.0,0.000760029803245554,1e-30
 33 - 070 ,3160.0,0.0002193503735949194,1e-30
 33 - 071 ,235000.0,2.9495624704678524e-06,1e-30
 33 - 072 ,94000.0,7.37390617616963e-06,1e-30
 33 - 073 ,6940000.0,9.987711535445896e-08,1.05951e-14
 33 - 074 ,1535000.0,4.515616811465443e-07,6.4277e-13
 33 - 075 ,1e+100,6.931471805599452e-101,2.81527e-11
 33 - 076 ,94539.0,7.33186495054893e-06,7.628480000000001e-10
 33 - 077 ,139800.0,4.9581343387692786e-06,1.41269e-08
 33 - 078 ,5440.0,0.00012741676113234288,2.79509e-07
 33 - 079 ,541.0,0.001281233235785481,1.91721e-06
 33 - 080 ,15.2,0.04560178819473325,7.87066e-06
 33 - 081 ,33.3,0.02081523064744581,2.90306e-05
 33 - 082 ,19.1,0.03629042830156781,8.06642e-05
 33 - 083 ,13.4,0.05172740153432427,0.00023412200000000002
 33 - 084 ,3.24,0.21393431498763746,0.000220953
 33 - 085 ,2.021,0.3429723802869596,0.000261882
 33 - 086 ,0.945,0.7334890799576141,9.434700000000001e-05
 33 - 087 ,0.56,1.2377628224284736,3.81324e-05
 33 - 088 ,3e-07,2310490.6018664846,8.71826e-06
 33 - 089 ,3e-07,2310490.6018664846,1.09964e-06
 33 - 090 ,0.08,8.664339756999317,7.25178e-08
 33 - 091 ,1.5e-07,4620981.203732968,1.20028e-08
 33 - 092 ,3e-07,2310490.6018664846,7.50675e-11
 34 - 070 ,2470.0,0.0002806263888906661,1e-30
 34 - 071 ,284.0,0.0024406590864786805,1e-30
 34 - 072 ,730000.0,9.495166856985552e-07,1e-30
 34 - 073 ,25700.0,2.6970707414783864e-05,1e-30
 34 - 074 ,1e+100,6.931471805599452e-101,1e-30
 34 - 075 ,10350000.0,6.697074208308651e-08,1e-30
 34 - 076 ,1e+100,6.931471805599452e-101,4.46004e-13
 34 - 077 ,1e+100,6.931471805599452e-101,2.318813e-11
 34 - 078 ,1e+100,6.931471805599452e-101,1.2108699999999998e-09
 34 - 079 ,9310000000000.0,7.445189909344203e-14,2.250197e-08
 34 - 080 ,1e+100,6.931471805599452e-101,2.44192e-07
 34 - 081 ,1107.0,0.0006261492145979633,2.2623070000000003e-06
 34 - 082 ,1e+100,6.931471805599452e-101,1.56505e-05
 34 - 083 ,1340.0,0.0005172740153432427,0.00011226799999999999
 34 - 084 ,186.0,0.003726597744945943,0.000257058
 34 - 085 ,31.7,0.02186584165804244,0.000756815
 34 - 086 ,15.3,0.04530373729149969,0.000676281
 34 - 087 ,5.5,0.12602676010180824,0.000717168
 34 - 088 ,1.53,0.4530373729149969,0.000446075
 34 - 089 ,0.41,1.6906028794145007,0.000154547
 34 - 090 ,3e-07,2310490.6018664846,4.18337e-05
 34 - 091 ,0.27,2.567211779851649,5.880900000000001e-06
 34 - 092 ,3e-07,2310490.6018664846,6.14441e-07
 34 - 093 ,1.5e-07,4620981.203732968,7.76289e-08
 34 - 094 ,1.5e-07,4620981.203732968,2.37129e-09
 35 - 071 ,21.4,0.03239005516635258,1e-30
 35 - 072 ,78.6,0.008818666419337727,1e-30
 35 - 073 ,200.0,0.0034657359027997266,1e-30
 35 - 074 ,1520.0,0.0004560178819473324,1e-30
 35 - 075 ,5800.0,0.00011950813457930093,1e-30
 35 - 076 ,58300.0,1.1889316990736625e-05,1e-30
 35 - 077 ,205330.0,3.3757715899281415e-06,1e-30
 35 - 078 ,388.0,0.0017864618055668691,3.1179899999999997e-13
 35 - 079 ,1e+100,6.931471805599452e-101,1.600366e-11
 35 - 080 ,1061.0,0.0006532961173986291,4.87375e-10
 35 - 081 ,1e+100,6.931471805599452e-101,1.2108700000000001e-08
 35 - 082 ,127020.0,5.456992446543419e-06,2.248186e-07
 35 - 083 ,8600.0,8.05985093674355e-05,4.32886e-06
 35 - 084 ,1908.0,0.0003632846858280636,2.570076e-05
 35 - 085 ,174.0,0.003983604485976697,0.00019396099999999998
 35 - 086 ,55.1,0.012579803639926413,0.00042324
 35 - 087 ,55.65,0.012455474942676466,0.00110961
 35 - 088 ,16.29,0.04255047148925386,0.0017047999999999998
 35 - 089 ,4.4,0.15753345012726028,0.00151342
 35 - 090 ,1.91,0.3629042830156782,0.00109852
 35 - 091 ,0.541,1.281233235785481,0.00041726599999999996
 35 - 092 ,0.34299999999999997,2.0208372611077117,0.000120885
 35 - 093 ,0.102,6.7955605937249555,2.5461599999999997e-05
 35 - 094 ,0.07,9.902102579427787,3.6124300000000003e-06
 35 - 095 ,1.5e-07,4620981.203732968,2.2612100000000002e-07
 35 - 096 ,1.5e-07,4620981.203732968,1.9273e-08
 35 - 097 ,1.5e-07,4620981.203732968,2.88799e-10
 36 - 072 ,17.1,0.04053492283976288,1e-30
 36 - 073 ,27.3,0.02539000661391741,1e-30
 36 - 074 ,690.0,0.0010045611312462974,1e-30
 36 - 075 ,257.0,0.0026970707414783863,1e-30
 36 - 076 ,53300.0,1.3004637533957698e-05,1e-30
 36 - 077 ,4460.0,0.00015541416604483078,1e-30
 36 - 078 ,7.3e+27,9.495166856985552e-29,1e-30
 36 - 079 ,126100.0,5.496805555590367e-06,1e-30
 36 - 080 ,1e+100,6.931471805599452e-101,8.30455e-14
 36 - 081 ,7230000000000.0,9.587097933055952e-14,5.695132e-12
 36 - 082 ,1e+100,6.931471805599452e-101,2.98682e-10
 36 - 083 ,1e+100,6.931471805599452e-101,1.595321e-08
 36 - 084 ,1e+100,6.931471805599452e-101,2.72446e-07
 36 - 085 ,338410000.0,2.0482467437721853e-09,5.73145e-06
 36 - 086 ,1e+100,6.931471805599452e-101,3.30063e-05
 36 - 087 ,4580.0,0.00015134217916156007,0.000225787
 36 - 088 ,10200.0,6.795560593724954e-05,0.000888557
 36 - 089 ,189.0,0.0036674453997880704,0.00175274
 36 - 090 ,32.32,0.02144638553712702,0.00337636
 36 - 091 ,8.57,0.08088065117385593,0.00318969
 36 - 092 ,1.84,0.3767104242173616,0.00238297
 36 - 093 ,1.286,0.5389946971694753,0.00130701
 36 - 094 ,0.212,3.2695621724525723,0.0004930469999999999
 36 - 095 ,0.114,6.080238425964433,0.00011079
 36 - 096 ,0.08,8.664339756999317,2.00298e-05
 36 - 097 ,0.063,11.002336199364212,2.00773e-06
 36 - 098 ,0.046,15.068416968694462,1.73537e-07
 36 - 099 ,0.04,17.328679513998633,1.04641e-07
 36 - 100 ,3e-07,2310490.6018664846,2.71437e-10
 37 - 073 ,3e-08,23104906.018664844,1e-30
 37 - 074 ,0.06476,10.703322738726763,1e-30
 37 - 075 ,19.0,0.036481430555786586,1e-30
 37 - 076 ,36.5,0.018990333713971103,1e-30
 37 - 077 ,226.0,0.0030670229228316162,1e-30
 37 - 078 ,1060.0,0.0006539124344905144,1e-30
 37 - 079 ,1370.0,0.0005059468471240476,1e-30
 37 - 080 ,33.4,0.020752909597603158,1e-30
 37 - 081 ,16450.0,4.213660672096932e-05,1e-30
 37 - 082 ,76.38,0.00907498272532005,1e-30
 37 - 083 ,7450000.0,9.303989000804637e-08,3.52161e-12
 37 - 084 ,2860000.0,2.4235915404193894e-07,1.622605e-10
 37 - 085 ,1e+100,6.931471805599452e-101,1.07969e-08
 37 - 086 ,1610700.0,4.303390951511425e-07,5.5498199999999996e-08
 37 - 087 ,1.52e+18,4.560178819473324e-19,3.4106199999999997e-06
 37 - 088 ,1066.4,0.0006499879787696412,3.69518e-05
 37 - 089 ,909.0,0.0007625381524311829,0.00020183200000000002
 37 - 090 ,158.0,0.0043870074718983885,0.000931483
 37 - 091 ,58.4,0.01186895857123194,0.00225589
 37 - 092 ,4.492,0.1543070304007002,0.0034965000000000005
 37 - 093 ,5.84,0.1186895857123194,0.00507073
 37 - 094 ,2.702,0.2565311549074557,0.00457908
 37 - 095 ,0.3775,1.8361514716819745,0.00270574
 37 - 096 ,0.203,3.414518130837169,0.00128283
 37 - 097 ,0.1699,4.0797362010591245,0.000347015
 37 - 098 ,0.114,6.080238425964433,7.705971999999999e-05
 37 - 099 ,0.0503,13.780262038965116,3.43215e-05
 37 - 100 ,0.051,13.591121187449911,1.05951e-06
 37 - 101 ,0.032,21.66084939249829,1.1639000000000001e-07
 37 - 102 ,0.037000000000000005,18.73370758270123,5.891990000000001e-10
 38 - 074 ,1.2e-06,577622.6504666212,1e-30
 38 - 075 ,0.08800000000000001,7.876672506363015,1e-30
 38 - 076 ,7.89,0.08785135368313629,1e-30
 38 - 077 ,9.0,0.07701635339554948,1e-30
 38 - 078 ,150.0,0.0046209812037329686,1e-30
 38 - 079 ,135.0,0.0051344235597032975,1e-30
 38 - 080 ,6378.0,0.00010867782699277912,1e-30
 38 - 081 ,1340.0,0.0005172740153432427,1e-30
 38 - 082 ,2208000.0,3.13925353514468e-07,1e-30
 38 - 083 ,116700.0,5.939564529219754e-06,1e-30
 38 - 084 ,1e+100,6.931471805599452e-101,1e-30
 38 - 085 ,5603300.0,1.2370338560490162e-07,1.755763e-12
 38 - 086 ,1e+100,6.931471805599452e-101,8.31464e-11
 38 - 087 ,1e+100,6.931471805599452e-101,4.771835e-09
 38 - 088 ,1e+100,6.931471805599452e-101,1.51359e-07
 38 - 089 ,4366000.0,1.587602337517053e-07,2.31074e-06
 38 - 090 ,911400000.0,7.605301520297842e-10,2.9656300000000003e-05
 38 - 091 ,34700.0,1.9975423070891794e-05,0.00017953200000000002
 38 - 092 ,9580.0,7.235356790813625e-05,0.000821727
 38 - 093 ,445.4,0.0015562352504713635,0.00238342
 38 - 094 ,75.3,0.009205141840105516,0.00552171
 38 - 095 ,23.9,0.029001974082006082,0.00773741
 38 - 096 ,1.07,0.6478011033270517,0.00895675
 38 - 097 ,0.429,1.615727693612926,0.00606964
 38 - 098 ,0.653,1.0614811340887371,0.00374212
 38 - 099 ,0.26899999999999996,2.5767553180667107,0.00132816
 38 - 100 ,0.20199999999999999,3.4314216859403235,0.000355077
 38 - 101 ,0.11800000000000001,5.874128648813096,5.70266e-05
 38 - 102 ,0.069,10.045611312462976,4.82272e-06
 38 - 103 ,1.5e-07,4620981.203732968,5.44599e-07
 38 - 104 ,0.03,23.104906018664842,1.08978e-08
 38 - 105 ,0.02,34.657359027997266,1.7247799999999997e-10
 39 - 076 ,2e-07,3465735.9027997265,1e-30
 39 - 077 ,0.057,12.160476851928866,1e-30
 39 - 078 ,0.05,13.862943611198904,1e-30
 39 - 079 ,14.8,0.046834268956753064,1e-30
 39 - 080 ,30.1,0.023028145533553,1e-30
 39 - 081 ,70.4,0.009845840632953769,1e-30
 39 - 082 ,8.2,0.08453014397072504,1e-30
 39 - 083 ,425.0,0.0016309345424939886,1e-30
 39 - 084 ,4.6,0.15068416968694465,1e-30
 39 - 085 ,9650.0,7.182872337408759e-05,1e-30
 39 - 086 ,53060.0,1.3063459867318986e-05,1e-30
 39 - 087 ,287000.0,2.415146970592144e-06,1.3374100000000001e-14
 39 - 088 ,9212490.0,7.523993844877391e-08,1.00709e-11
 39 - 089 ,1e+100,6.931471805599452e-101,1.6699990000000001e-09
 39 - 090 ,230000.0,3.0136833937388925e-06,6.06443e-08
 39 - 091 ,5055000.0,1.3712110396833733e-07,1.089784e-06
 39 - 092 ,12700.0,5.4578518154326396e-05,1.24821e-05
 39 - 093 ,36650.0,1.8912610656478727e-05,0.00010787850000000001
 39 - 094 ,1120.0,0.0006188814112142369,0.000600985
 39 - 095 ,618.0,0.0011215973795468369,0.00199541
 39 - 096 ,5.34,0.12980284280148788,0.005500110999999999
 39 - 097 ,3.75,0.18483924814931876,0.008797316999999999
 39 - 098 ,0.5479999999999999,1.2648671178101192,0.01297843
 39 - 099 ,1.47,0.4715286942584662,0.0115981
 39 - 100 ,0.735,0.9430573885169324,0.00748665
 39 - 101 ,0.45,1.5403270679109895,0.00339462
 39 - 102 ,0.3,2.3104906018664844,0.000696187
 39 - 103 ,0.23,3.0136833937388925,0.000178624
 39 - 104 ,0.18,3.8508176697774736,1.65688e-05
 39 - 105 ,0.06,11.552453009332426,8.02683e-07
 39 - 106 ,1.5e-07,4620981.203732968,1.0595700000000001e-07
 39 - 107 ,0.03,23.104906018664842,3.9795799999999997e-10
 39 - 108 ,0.02,34.657359027997266,1.775e-11
 40 - 078 ,0.05,13.862943611198904,1e-30
 40 - 079 ,0.055999999999999994,12.377628224284734,1e-30
 40 - 080 ,4.6,0.15068416968694465,1e-30
 40 - 081 ,5.5,0.12602676010180824,1e-30
 40 - 082 ,32.0,0.02166084939249829,1e-30
 40 - 083 ,41.6,0.0166621918403833,1e-30
 40 - 084 ,1550.0,0.0004471917293935131,1e-30
 40 - 085 ,472.0,0.001468532162203274,1e-30
 40 - 086 ,59400.0,1.1669144453871133e-05,1e-30
 40 - 087 ,6050.0,0.00011456978191073476,1e-30
 40 - 088 ,7210000.0,9.613691824687175e-08,1e-30
 40 - 089 ,282300.0,2.4553566438538623e-06,6.400349999999999e-14
 40 - 090 ,1e+100,6.931471805599452e-101,1.059512e-11
 40 - 091 ,1e+100,6.931471805599452e-101,5.43883e-10
 40 - 092 ,1e+100,6.931471805599452e-101,1.7658599999999998e-08
 40 - 093 ,48300000000000.0,1.4350873303518538e-14,4.2885e-07
 40 - 094 ,1e+100,6.931471805599452e-101,6.66987e-06
 40 - 095 ,5532400.0,1.2528869578482133e-07,5.9251899999999994e-05
 40 - 096 ,6.3e+26,1.1002336199364212e-27,0.0004188
 40 - 097 ,60278.0,1.1499173505423958e-05,0.00167233
 40 - 098 ,30.7,0.02257808405732721,0.00592713
 40 - 099 ,2.1,0.3300700859809263,0.012604899999999999
 40 - 100 ,7.1,0.09762636345914724,0.0207476
 40 - 101 ,2.3,0.3013683393738893,0.0221894
 40 - 102 ,2.9,0.23901626915860186,0.0145916
 40 - 103 ,1.3,0.5331901388922656,0.00851002
 40 - 104 ,1.2,0.5776226504666211,0.00226367
 40 - 105 ,0.6,1.1552453009332422,0.000393285
 40 - 106 ,0.2,3.465735902799726,6.11238e-05
 40 - 107 ,0.15,4.620981203732969,2.76661e-06
 40 - 108 ,0.08,8.664339756999317,1.45287e-07
 40 - 108 ,0.06,11.552453009332426,1.73204e-09
 40 - 110 ,1.5e-07,4620981.203732968,5.86263e-11
 41 - 081 ,0.8,0.8664339756999315,1e-30
 41 - 082 ,0.05,13.862943611198904,1e-30
 41 - 083 ,4.1,0.1690602879414501,1e-30
 41 - 084 ,9.5,0.07296286111157319,1e-30
 41 - 085 ,20.9,0.033164936868896905,1e-30
 41 - 086 ,88.0,0.007876672506363015,1e-30
 41 - 087 ,225.0,0.003080654135821979,1e-30
 41 - 088 ,873.0,0.0007939830246963864,1e-30
 41 - 089 ,7310.0,9.48217757263947e-05,1e-30
 41 - 090 ,5.26e+24,1.3177703052470445e-25,1e-30
 41 - 091 ,21500000000.0,3.22394037469742e-11,1.0179299999999999e-14
 41 - 092 ,1100000000000000.0,6.301338005090411e-16,5.11104e-13
 41 - 093 ,1e+100,6.931471805599452e-101,1.024194e-10
 41 - 094 ,641000000000.0,1.0813528557877465e-12,4.50039e-09
 41 - 095 ,3023200.0,2.2927599251122824e-07,1.136201e-07
 41 - 096 ,84060.0,8.245862247917504e-06,2.17957e-06
 41 - 097 ,4330.0,0.00016008018026788574,2.1886570000000003e-05
 41 - 098 ,2.86,0.2423591540419389,0.0002184718
 41 - 099 ,15.0,0.046209812037329684,0.001176489
 41 - 100 ,1.5,0.4620981203732968,0.00575838
 41 - 101 ,7.1,0.09762636345914724,0.0131494
 41 - 102 ,1.3,0.5331901388922656,0.02056672
 41 - 103 ,1.5,0.4620981203732968,0.0308851
 41 - 104 ,4.9,0.14145860827753984,0.02166685
 41 - 105 ,2.95,0.23496514595252385,0.0100853
 41 - 106 ,0.93,0.7453195489891884,0.00444888
 41 - 107 ,0.33,2.100446001696804,0.000907424
 41 - 108 ,0.193,3.59143616870438,0.0001025
 41 - 109 ,0.19,3.6481430555786587,8.06064e-06
 41 - 110 ,0.17,4.077336356234972,4.00596e-07
 41 - 111 ,0.08,8.664339756999317,2.05933e-09
 41 - 112 ,1.5e-07,4620981.203732968,6.58228e-11
 41 - 113 ,0.03,23.104906018664842,1e-30
 42 - 083 ,0.006,115.52453009332422,1e-30
 42 - 084 ,3.7,0.18733707582701226,1e-30
 42 - 085 ,3.2,0.21660849392498288,1e-30
 42 - 086 ,19.6,0.03536465206938496,1e-30
 42 - 087 ,14.02,0.04943988449072363,1e-30
 42 - 088 ,480.0,0.0014440566261665526,1e-30
 42 - 089 ,127.0,0.0054578518154326395,1e-30
 42 - 090 ,20000.0,3.4657359027997264e-05,1e-30
 42 - 091 ,929.4,0.0007458007107380518,1e-30
 42 - 092 ,1e+100,6.931471805599452e-101,1e-30
 42 - 093 ,130000000000.0,5.331901388922656e-12,1e-30
 42 - 094 ,1e+100,6.931471805599452e-101,2.5428299999999997e-13
 42 - 095 ,1e+100,6.931471805599452e-101,1.79613e-11
 42 - 096 ,1e+100,6.931471805599452e-101,1.00099e-09
 42 - 097 ,1e+100,6.931471805599452e-101,3.03726e-08
 42 - 098 ,1e+100,6.931471805599452e-101,7.86057e-07
 42 - 099 ,237400.0,2.919743810277781e-06,1.1543599999999999e-05
 42 - 100 ,2.3e+26,3.0136833937388925e-27,0.000149774
 42 - 101 ,876.6,0.0007907223141226847,0.0009009080000000001
 42 - 102 ,678.0,0.0010223409742772054,0.00468456
 42 - 103 ,67.5,0.010268847119406595,0.0148108
 42 - 104 ,60.0,0.011552453009332421,0.028533299999999998
 42 - 105 ,35.6,0.01947042642022318,0.030467400000000002
 42 - 106 ,8.73,0.07939830246963864,0.034978800000000004
 42 - 107 ,3.5,0.19804205158855576,0.020255000000000002
 42 - 108 ,1.09,0.6359148445504085,0.00672934
 42 - 109 ,0.53,1.3078248689810288,0.00149724
 42 - 110 ,0.27,2.567211779851649,0.000233193
 42 - 111 ,0.2,3.465735902799726,1.4316500000000001e-05
 42 - 112 ,1.5e-07,4620981.203732968,5.38771e-07
 42 - 113 ,0.1,6.931471805599452,3.5594699999999995e-09
 42 - 114 ,0.08,8.664339756999317,6.29652e-11
 42 - 115 ,0.06,11.552453009332426,3.25162e-13
 43 - 085 ,1.1e-07,6301338.005090413,1e-30
 43 - 086 ,0.055,12.602676010180824,1e-30
 43 - 087 ,2.18,0.31795742227520424,1e-30
 43 - 088 ,5.7,0.12160476851928866,1e-30
 43 - 089 ,12.8,0.05415212348124572,1e-30
 43 - 090 ,8.7,0.07967208971953395,1e-30
 43 - 091 ,188.0,0.003686953088084815,1e-30
 43 - 092 ,255.0,0.0027182242374899817,1e-30
 43 - 093 ,9900.0,7.00148667232268e-05,1e-30
 43 - 094 ,17600.0,3.9383362531815066e-05,1e-30
 43 - 095 ,72000.0,9.627044174443684e-06,1e-30
 43 - 096 ,370000.0,1.8733707582701226e-06,1e-30
 43 - 097 ,133000000000000.0,5.211632936540942e-15,2.219926e-12
 43 - 098 ,130000000000000.0,5.331901388922656e-15,1.6447699999999998e-10
 43 - 099 ,6657000000000.0,1.0412305551448779e-13,6.83133e-09
 43 - 100 ,15.46,0.04483487584475713,2.55292e-07
 43 - 101 ,853.2,0.000812408791092294,4.5004e-06
 43 - 102 ,5.28,0.13127787510605024,5.9353e-05
 43 - 103 ,54.2,0.012788693368264673,0.000570663
 43 - 104 ,1100.0,0.0006301338005090412,0.00434605
 43 - 105 ,460.0,0.0015068416968694466,0.021238099999999996
 43 - 106 ,35.6,0.01947042642022318,0.0221296
 43 - 107 ,21.2,0.032695621724525725,0.036661400000000004
 43 - 108 ,5.17,0.13407102138490234,0.0336216
 43 - 109 ,0.86,0.805985093674355,0.0190388
 43 - 110 ,0.92,0.7534208484347231,0.00862898
 43 - 111 ,0.29,2.3901626915860184,0.00177402
 43 - 112 ,0.29,2.3901626915860184,0.000231256
 43 - 113 ,0.17,4.077336356234972,1.65652e-05
 43 - 114 ,0.15,4.620981203732969,3.90505e-07
 43 - 115 ,0.07200000000000001,9.627044174443686,7.95921e-09
 43 - 116 ,0.09,7.701635339554947,4.5912199999999995e-12
 43 - 117 ,0.04,17.328679513998633,5.75976e-15
 43 - 118 ,0.03,23.104906018664842,3.47561e-16
 44 - 087 ,1.5e-06,462098.1203732968,1e-30
 44 - 088 ,1.2,0.5776226504666211,1e-30
 44 - 089 ,1.5,0.4620981203732968,1e-30
 44 - 090 ,11.7,0.0592433487658073,1e-30
 44 - 091 ,7.9,0.08774014943796775,1e-30
 44 - 092 ,219.0,0.003165055618995184,1e-30
 44 - 093 ,59.7,0.011610505537017507,1e-30
 44 - 094 ,3110.0,0.0002228769069324583,1e-30
 44 - 095 ,5915.0,0.00011718464591038804,1e-30
 44 - 096 ,1e+100,6.931471805599452e-101,1e-30
 44 - 097 ,250000.0,2.772588722239781e-06,1e-30
 44 - 098 ,1e+100,6.931471805599452e-101,1e-30
 44 - 099 ,1e+100,6.931471805599452e-101,3.36017e-13
 44 - 100 ,1e+100,6.931471805599452e-101,3.69316e-11
 44 - 101 ,1e+100,6.931471805599452e-101,1.91721e-09
 44 - 102 ,1e+100,6.931471805599452e-101,7.67894e-08
 44 - 103 ,3392000.0,2.0434763577828574e-07,1.671561e-06
 44 - 104 ,1e+100,6.931471805599452e-101,3.16945e-05
 44 - 105 ,16000.0,4.332169878499658e-05,0.000689147
 44 - 106 ,32120000.0,2.1579924674967165e-08,0.00210044
 44 - 107 ,225.0,0.003080654135821979,0.00879481
 44 - 108 ,273.0,0.002539000661391741,0.0200111
 44 - 109 ,34.5,0.02009122262492595,0.030146
 44 - 110 ,11.6,0.059754067289650464,0.0365616
 44 - 111 ,2.12,0.3269562172452572,0.0227958
 44 - 112 ,1.75,0.3960841031771116,0.00947063
 44 - 113 ,0.8,0.8664339756999315,0.001790831
 44 - 114 ,0.52,1.332975347230664,0.00019210400000000002
 44 - 115 ,0.74,0.9366853791350612,1.18888e-05
 44 - 116 ,0.4,1.732867951399863,2.31074e-07
 44 - 117 ,0.3,2.3104906018664844,3.743599999999999e-09
 44 - 118 ,0.12300000000000001,5.635342931381669,2.28047e-10
 44 - 119 ,1.5e-07,4620981.203732968,4.5104899999999996e-13
 44 - 120 ,1.5e-07,4620981.203732968,1e-30
 45 - 089 ,1.5e-06,462098.1203732968,1e-30
 45 - 090 ,0.012,57.76226504666211,1e-30
 45 - 091 ,1.47,0.4715286942584662,1e-30
 45 - 092 ,0.5,1.3862943611198906,1e-30
 45 - 093 ,11.9,0.05824766223192818,1e-30
 45 - 094 ,70.4,0.009845840632953769,1e-30
 45 - 095 ,301.0,0.0023028145533553,1e-30
 45 - 096 ,594.0,0.0011669144453871133,1e-30
 45 - 097 ,1840.0,0.00037671042421736164,1e-30
 45 - 098 ,523.0,0.0013253292171318265,1e-30
 45 - 099 ,1390000.0,4.986670363740613e-07,1e-30
 45 - 100 ,74900.0,9.254301476100736e-06,1e-30
 45 - 101 ,100000000.0,6.931471805599453e-09,2.9578700000000006e-14
 45 - 102 ,77900000.0,8.897909891655267e-09,5.61037e-12
 45 - 103 ,1e+100,6.931471805599452e-101,1.099873e-10
 45 - 104 ,42.3,0.016386458169265847,2.140213e-08
 45 - 105 ,127300.0,5.4449896351920285e-06,6.41459e-07
 45 - 106 ,30.07,0.023051120071830567,1.194725e-05
 45 - 107 ,1300.0,0.0005331901388922656,0.000159855
 45 - 108 ,16.8,0.04125876074761579,0.001156483
 45 - 109 ,80.0,0.008664339756999316,0.00913556
 45 - 110 ,28.5,0.024320953703857732,0.01358479
 45 - 111 ,11.0,0.06301338005090412,0.024786700000000002
 45 - 112 ,3.4,0.20386681781174865,0.02088497
 45 - 113 ,2.8,0.2475525644856948,0.019648500000000003
 45 - 114 ,1.85,0.3746741516540245,0.00556661
 45 - 115 ,0.99,0.700148667232268,0.0017276
 45 - 116 ,0.68,1.019334089058743,0.00019361630000000002
 45 - 117 ,0.44,1.575334501272603,2.1725100000000003e-05
 45 - 118 ,0.266,2.6058164682704708,3.57207e-06
 45 - 119 ,1.5e-07,4620981.203732968,5.1562900000000004e-08
 45 - 120 ,0.136,5.096670445293715,3.97569e-11
 45 - 121 ,0.151,4.590378679204937,1e-30
 45 - 122 ,3e-07,2310490.6018664846,1e-30
 46 - 091 ,1e-06,693147.1805599453,1e-30
 46 - 092 ,0.7,0.9902102579427792,1e-30
 46 - 093 ,1.3,0.5331901388922656,1e-30
 46 - 094 ,9.0,0.07701635339554948,1e-30
 46 - 095 ,10.0,0.06931471805599453,1e-30
 46 - 096 ,122.0,0.0056815342668847975,1e-30
 46 - 097 ,186.0,0.003726597744945943,1e-30
 46 - 098 ,1060.0,0.0006539124344905144,1e-30
 46 - 099 ,1280.0,0.0005415212348124572,1e-30
 46 - 100 ,314000.0,2.207475097324667e-06,1e-30
 46 - 101 ,30500.0,2.2726137067539192e-05,1e-30
 46 - 102 ,1e+100,6.931471805599452e-101,1e-30
 46 - 103 ,1468000.0,4.7217110392366847e-07,1e-30
 46 - 104 ,1e+100,6.931471805599452e-101,1.21087e-12
 46 - 105 ,1e+100,6.931471805599452e-101,1.07969e-10
 46 - 106 ,1e+100,6.931471805599452e-101,6.27634e-09
 46 - 107 ,200000000000000.0,3.4657359027997267e-15,2.654838e-07
 46 - 108 ,1e+100,6.931471805599452e-101,6.13508e-06
 46 - 109 ,49324.3,1.4052853878513132e-05,8.16833e-05
 46 - 110 ,1e+100,6.931471805599452e-101,0.000610501
 46 - 111 ,1400.0,0.0004951051289713895,0.00294012
 46 - 112 ,75710.0,9.15529230696005e-06,0.00751791
 46 - 113 ,93.0,0.007453195489891884,0.01941759
 46 - 114 ,145.0,0.004780325383172037,0.0183306
 46 - 115 ,25.0,0.027725887222397813,0.01365522
 46 - 116 ,11.8,0.05874128648813096,0.00825951
 46 - 117 ,4.2,0.16503504299046315,0.002368062
 46 - 118 ,1.9,0.36481430555786604,0.00127877
 46 - 119 ,0.92,0.7534208484347231,8.569940000000001e-05
 46 - 120 ,0.5,1.3862943611198906,4.08669e-06
 46 - 121 ,1.5e-07,4620981.203732968,8.18347e-09
 46 - 122 ,0.175,3.960841031771116,3.35008e-12
 46 - 123 ,0.174,3.983604485976697,1.79613e-08
 46 - 124 ,0.038,18.240715277893297,1.43286e-06
 47 - 093 ,1.5e-06,462098.1203732968,1e-30
 47 - 094 ,0.026000000000000002,26.65950694461328,1e-30
 47 - 095 ,2.0,0.34657359027997264,1e-30
 47 - 096 ,4.45,0.15576341136178545,1e-30
 47 - 097 ,25.9,0.02676243940385889,1e-30
 47 - 098 ,47.5,0.014592572222314637,1e-30
 47 - 099 ,124.0,0.005589896617418913,1e-30
 47 - 100 ,121.0,0.005728489095536738,1e-30
 47 - 101 ,666.0,0.0010407615323722902,1e-30
 47 - 102 ,774.0,0.0008955389929715057,1e-30
 47 - 103 ,3940.0,0.00017592568034516379,1e-30
 47 - 104 ,4150.0,0.00016702341700239646,1e-30
 47 - 105 ,3567000.0,1.9432217004764377e-07,1e-30
 47 - 106 ,1438.0,0.00048202168328229854,1.83043e-13
 47 - 107 ,1e+100,6.931471805599452e-101,2.62052e-11
 47 - 108 ,142.0,0.004881318172957361,1.917216e-09
 47 - 109 ,1e+100,6.931471805599452e-101,7.76975e-08
 47 - 110 ,24.6,0.028176714656908342,1.8001589999999999e-06
 47 - 111 ,644000.0,1.0763154977638905e-06,3.5135409999999996e-05
 47 - 112 ,11270.0,6.150374272936515e-05,0.000363392
 47 - 113 ,19300.0,3.5914361687043795e-05,0.002270462
 47 - 114 ,4.6,0.15068416968694465,0.005113807
 47 - 115 ,1200.0,0.0005776226504666211,0.00985251
 47 - 116 ,161.0,0.004305261991055561,0.01205482
 47 - 117 ,72.8,0.009521252480219029,0.01024754
 47 - 118 ,3.76,0.1843476544042408,0.0059648999999999995
 47 - 119 ,6.0,0.1155245300933242,0.001739804
 47 - 120 ,1.23,0.5635342931381669,0.000801818
 47 - 121 ,0.79,0.8774014943796775,0.000191337
 47 - 122 ,0.529,1.3102971277125621,4.7183590000000006e-05
 47 - 123 ,0.3,2.3104906018664844,3.36925e-05
 47 - 124 ,0.172,4.0299254683717765,2.4378899999999998e-05
 47 - 125 ,0.166,4.175585425059911,2.0483900000000003e-06
 47 - 126 ,0.107,6.4780110332705165,1.99794e-09
 47 - 127 ,0.079,8.774014943796775,1e-30
 47 - 128 ,0.057999999999999996,11.95081345793009,1e-30
 47 - 129 ,0.046,15.068416968694462,6.81475e-15
 47 - 130 ,0.05,13.862943611198904,1.24114e-12
 48 - 095 ,0.005,138.62943611198907,1e-30
 48 - 096 ,1.0,0.6931471805599453,1e-30
 48 - 097 ,2.8,0.2475525644856948,1e-30
 48 - 098 ,9.2,0.07534208484347232,1e-30
 48 - 099 ,16.0,0.04332169878499658,1e-30
 48 - 100 ,49.1,0.01411705052056915,1e-30
 48 - 101 ,81.6,0.008494450742156193,1e-30
 48 - 102 ,330.0,0.002100446001696804,1e-30
 48 - 103 ,440.0,0.001575334501272603,1e-30
 48 - 104 ,3460.0,0.00020033155507512867,1e-30
 48 - 105 ,3330.0,0.00020815230647445808,1e-30
 48 - 106 ,1e+100,6.931471805599452e-101,1e-30
 48 - 107 ,23000.0,3.013683393738893e-05,1e-30
 48 - 108 ,1e+100,6.931471805599452e-101,4.91412e-14
 48 - 109 ,39860000.0,1.7389542914198327e-08,6.06444e-12
 48 - 110 ,1e+100,6.931471805599452e-101,4.5811300000000006e-10
 48 - 111 ,1e+100,6.931471805599452e-101,3.223943e-08
 48 - 112 ,1e+100,6.931471805599452e-101,1.00906e-06
 48 - 113 ,2.4e+23,2.888113252333105e-24,2.418708e-05
 48 - 114 ,1e+100,6.931471805599452e-101,0.00019937
 48 - 115 ,192500.0,3.600764574337378e-06,0.000537778
 48 - 116 ,9.8e+26,7.072930413876992e-28,0.0009915310000000001
 48 - 117 ,8960.0,7.736017640177961e-05,0.0019211229999999998
 48 - 118 ,3020.0,0.00022951893396024682,0.00274591
 48 - 119 ,161.0,0.004305261991055561,0.001797596
 48 - 120 ,50.8,0.0136446295385816,0.00157424
 48 - 121 ,13.5,0.05134423559703299,0.000987436
 48 - 122 ,5.24,0.1322799962900659,0.0008419889999999999
 48 - 123 ,2.1,0.3300700859809263,0.0002861375
 48 - 124 ,1.25,0.5545177444479562,0.00011141
 48 - 125 ,0.65,1.0663802777845313,2.249299e-05
 48 - 126 ,0.515,1.3459168554562044,2.35111e-06
 48 - 127 ,0.37,1.8733707582701224,9.91904e-11
 48 - 128 ,0.28,2.4755256448569467,3.38035e-11
 48 - 129 ,0.27,2.567211779851649,8.445809999999999e-09
 48 - 130 ,0.162,4.278686299752748,8.909989999999999e-08
 48 - 131 ,0.069,10.045611312462976,6.74049e-09
 48 - 132 ,0.098,7.072930413876993,7.1239e-10
 49 - 097 ,0.005,138.62943611198907,1e-30
 49 - 098 ,0.032,21.66084939249829,1e-30
 49 - 099 ,3.0,0.2310490601866484,1e-30
 49 - 100 ,5.9,0.11748257297626193,1e-30
 49 - 101 ,15.1,0.045903786792049366,1e-30
 49 - 102 ,23.3,0.02974880603261568,1e-30
 49 - 103 ,65.0,0.010663802777845312,1e-30
 49 - 104 ,108.0,0.006418029449629123,1e-30
 49 - 105 ,304.0,0.002280089409736662,1e-30
 49 - 106 ,370.0,0.0018733707582701228,1e-30
 49 - 107 ,1940.0,0.00035729236111337384,1e-30
 49 - 108 ,3500.0,0.0001980420515885558,1e-30
 49 - 109 ,15000.0,4.620981203732968e-05,1e-30
 49 - 110 ,18000.0,3.850817669777474e-05,1e-30
 49 - 111 ,242330.0,2.8603440785703187e-06,1.09112e-12
 49 - 112 ,898.2,0.0007717069478511972,1.893998e-10
 49 - 113 ,1e+100,6.931471805599452e-101,1.5458750000000003e-08
 49 - 114 ,71.9,0.009640433665645971,3.410111e-07
 49 - 115 ,1.39e+22,4.9866703637406126e-23,1.184634e-06
 49 - 116 ,14.1,0.04915937450779754,2.502468e-06
 49 - 117 ,2590.0,0.0002676243940385889,8.51645e-06
 49 - 118 ,5.0,0.13862943611198905,3.554916e-05
 49 - 119 ,140.0,0.004951051289713895,4.1916369999999995e-05
 49 - 120 ,3.08,0.22504778589608607,3.111926e-05
 49 - 121 ,23.1,0.03000637145281148,7.103780000000001e-06
 49 - 122 ,1.5,0.4620981203732968,3.3904320000000002e-06
 49 - 123 ,6.17,0.11234152035007217,4.159347e-05
 49 - 124 ,3.12,0.22216255787177733,9.550739999999999e-05
 49 - 125 ,2.36,0.2937064324406548,7.38228e-05
 49 - 126 ,1.53,0.4530373729149969,8.05633e-05
 49 - 127 ,1.09,0.6359148445504085,4.951041e-05
 49 - 128 ,0.84,0.8251752149523158,3.34604e-05
 49 - 129 ,0.611,1.1344471040260968,0.0001004768
 49 - 130 ,0.29,2.3901626915860184,0.00010267
 49 - 131 ,0.28,2.4755256448569467,2.7387170000000002e-05
 49 - 132 ,0.207,3.348537104154325,5.186559999999999e-06
 49 - 133 ,0.165,4.200892003393608,1.9674900000000004e-06
 49 - 134 ,0.14,4.951051289713893,2.6134699999999996e-07
 49 - 135 ,0.091,7.617001984175223,1.7966500000000002e-09
 50 - 099 ,0.005,138.62943611198907,1e-30
 50 - 100 ,1.0,0.6931471805599453,1e-30
 50 - 101 ,1.7,0.4077336356234973,1e-30
 50 - 102 ,4.5,0.15403270679109896,1e-30
 50 - 103 ,7.0,0.09902102579427788,1e-30
 50 - 104 ,20.8,0.0333243836807666,1e-30
 50 - 105 ,34.0,0.020386681781174858,1e-30
 50 - 106 ,115.0,0.006027366787477785,1e-30
 50 - 107 ,174.0,0.003983604485976697,1e-30
 50 - 108 ,618.0,0.0011215973795468369,1e-30
 50 - 109 ,1100.0,0.0006301338005090412,1e-30
 50 - 110 ,14800.0,4.683426895675306e-05,1e-30
 50 - 111 ,2120.0,0.0003269562172452572,1e-30
 50 - 112 ,1e+100,6.931471805599452e-101,1e-30
 50 - 113 ,9943800.0,6.970646840845001e-08,8.284379999999999e-13
 50 - 114 ,1e+100,6.931471805599452e-101,4.87375e-11
 50 - 115 ,1e+100,6.931471805599452e-101,1.35214e-10
 50 - 116 ,1e+100,6.931471805599452e-101,1.9273e-10
 50 - 117 ,1e+100,6.931471805599452e-101,8.486200000000001e-10
 50 - 118 ,1e+100,6.931471805599452e-101,1.17051e-08
 50 - 119 ,1e+100,6.931471805599452e-101,1.885927e-08
 50 - 120 ,1e+100,6.931471805599452e-101,2.23002e-09
 50 - 121 ,97310.0,7.1230827310651036e-06,2.1876380000000002e-12
 50 - 122 ,1e+100,6.931471805599452e-101,1e-30
 50 - 123 ,11160000.0,6.210996241576571e-08,2.940397e-08
 50 - 124 ,1e+100,6.931471805599452e-101,2.28854e-05
 50 - 125 ,833000.0,8.321094604561168e-07,6.338909999999999e-05
 50 - 126 ,7260000000000.0,9.547481825894562e-14,0.00017811900000000002
 50 - 127 ,7600.0,9.120357638946648e-05,0.000990543
 50 - 128 ,3544.0,0.0001955832902257182,0.0017656920000000001
 50 - 129 ,134.0,0.0051727401534324285,0.00409924
 50 - 130 ,223.0,0.003108283320896616,0.00365262
 50 - 131 ,56.0,0.012377628224284737,0.0029831959999999996
 50 - 132 ,39.7,0.017459626714356302,0.00138949
 50 - 133 ,1.45,0.4780325383172037,0.000631751
 50 - 134 ,1.05,0.6601401719618526,0.000152247
 50 - 135 ,0.53,1.3078248689810288,1.24903e-05
 50 - 136 ,0.25,2.772588722239781,8.74854e-07
 50 - 137 ,0.19,3.6481430555786587,2.46175e-08
 51 - 103 ,1.5e-06,462098.1203732968,1e-30
 51 - 104 ,0.44,1.575334501272603,1e-30
 51 - 105 ,1.22,0.5681534266884798,1e-30
 51 - 106 ,0.6,1.1552453009332422,1e-30
 51 - 107 ,4.0,0.17328679513998632,1e-30
 51 - 108 ,7.4,0.09366853791350613,1e-30
 51 - 109 ,17.0,0.040773363562349715,1e-30
 51 - 110 ,23.0,0.030136833937388925,1e-30
 51 - 111 ,75.0,0.009241962407465935,1e-30
 51 - 112 ,51.4,0.013485353707391932,1e-30
 51 - 113 ,400.0,0.0017328679513998633,1e-30
 51 - 114 ,209.0,0.0033164936868896907,1e-30
 51 - 115 ,1930.0,0.00035914361687043795,1e-30
 51 - 116 ,948.0,0.0007311679119830646,1e-30
 51 - 117 ,9900.0,7.00148667232268e-05,1e-30
 51 - 118 ,220.0,0.003150669002545206,5.37828e-14
 51 - 119 ,137500.0,5.0410704040723295e-06,8.07247e-14
 51 - 120 ,953.4,0.000727026621103362,1e-30
 51 - 121 ,1e+100,6.931471805599452e-101,1e-30
 51 - 122 ,235240.0,2.9465532246214304e-06,1e-30
 51 - 123 ,1e+100,6.931471805599452e-101,3.1987200000000004e-14
 51 - 124 ,5200000.0,1.332975347230664e-07,9.82825e-07
 51 - 125 ,86995000.0,7.96766688384327e-09,1.14225e-05
 51 - 126 ,1067000.0,6.496224747515888e-07,1.832451e-05
 51 - 127 ,333000.0,2.081523064744581e-06,2.7083099999999998e-05
 51 - 128 ,32400.0,2.1393431498763746e-05,0.0001518432
 51 - 129 ,16000.0,4.332169878499658e-05,0.00136973
 51 - 130 ,2370.0,0.0002924671647932258,0.00448251
 51 - 131 ,1382.0,0.0005015536762372977,0.0100354
 51 - 132 ,167.0,0.004150581919520629,0.01227599
 51 - 133 ,150.0,0.0046209812037329686,0.0106586
 51 - 134 ,0.779,0.8897909891655267,0.00563378
 51 - 135 ,1.68,0.4125876074761579,0.00147078
 51 - 136 ,0.9229999999999999,0.7509720266088248,0.000304544
 51 - 137 ,0.45,1.5403270679109895,2.52265e-05
 51 - 138 ,3e-07,2310490.6018664846,2.0483900000000003e-06
 51 - 139 ,1.5e-07,4620981.203732968,1.0390999999999998e-07
 52 - 105 ,6.2e-07,1117979.3234837828,1e-30
 52 - 106 ,7e-05,9902.10257942779,1e-30
 52 - 107 ,0.0031,223.59586469675656,1e-30
 52 - 108 ,2.1,0.3300700859809263,1e-30
 52 - 109 ,4.6,0.15068416968694465,1e-30
 52 - 110 ,18.6,0.03726597744945942,1e-30
 52 - 111 ,19.3,0.0359143616870438,1e-30
 52 - 112 ,120.0,0.0057762265046662105,1e-30
 52 - 113 ,100.0,0.006931471805599453,1e-30
 52 - 114 ,912.0,0.000760029803245554,1e-30
 52 - 115 ,350.0,0.001980420515885558,1e-30
 52 - 116 ,8960.0,7.736017640177961e-05,1e-30
 52 - 117 ,3700.0,0.00018733707582701224,1e-30
 52 - 118 ,520000.0,1.332975347230664e-06,1e-30
 52 - 119 ,57780.0,1.1996316728278736e-05,1e-30
 52 - 120 ,1e+100,6.931471805599452e-101,1e-30
 52 - 121 ,1655000.0,4.1882004867670405e-07,1e-30
 52 - 122 ,1e+100,6.931471805599452e-101,1e-30
 52 - 123 ,2.9e+24,2.3901626915860184e-25,1e-30
 52 - 124 ,1e+100,6.931471805599452e-101,1.0696e-08
 52 - 125 ,1e+100,6.931471805599452e-101,6.195609999999999e-07
 52 - 126 ,1e+100,6.931471805599452e-101,1.0696e-07
 52 - 127 ,33700.0,2.0568165595250603e-05,2.133152e-11
 52 - 128 ,2.8e+26,2.4755256448569477e-27,1.52368e-09
 52 - 129 ,4180.0,0.00016582468434448453,6.266259999999999e-06
 52 - 130 ,2e+31,3.4657359027997264e-32,0.000310083
 52 - 131 ,1500.0,0.00046209812037329687,0.0030840040000000004
 52 - 132 ,276800.0,2.5041444384391086e-06,0.00783773
 52 - 133 ,750.0,0.0009241962407465935,0.01824867
 52 - 134 ,2510.0,0.00027615425520316543,0.0237296
 52 - 135 ,19.0,0.036481430555786586,0.0180024
 52 - 136 ,17.63,0.03931634603289537,0.0092011
 52 - 137 ,2.49,0.2783723616706607,0.00235548
 52 - 138 ,1.4,0.4951051289713895,0.000546193
 52 - 139 ,1.5e-07,4620981.203732968,8.29143e-05
 52 - 140 ,0.3,2.3104906018664844,8.55577e-06
 52 - 141 ,1.5e-07,4620981.203732968,8.487959999999999e-07
 52 - 142 ,1.5e-07,4620981.203732968,3.50101e-08
 53 - 108 ,0.036000000000000004,19.25408834888737,1e-30
 53 - 109 ,0.000103,6729.584277281023,1e-30
 53 - 110 ,0.65,1.0663802777845313,1e-30
 53 - 111 ,2.5,0.2772588722239781,1e-30
 53 - 112 ,3.42,0.2026746141988144,1e-30
 53 - 113 ,6.6,0.1050223000848402,1e-30
 53 - 114 ,2.1,0.3300700859809263,1e-30
 53 - 115 ,78.0,0.008886502314871094,1e-30
 53 - 116 ,2.91,0.2381949074089159,1e-30
 53 - 117 ,133.0,0.005211632936540942,1e-30
 53 - 118 ,822.0,0.0008432447452067461,1e-30
 53 - 119 ,1150.0,0.0006027366787477786,1e-30
 53 - 120 ,4800.0,0.00014440566261665527,1e-30
 53 - 121 ,7630.0,9.084497779291551e-05,1e-30
 53 - 122 ,218.0,0.0031795742227520426,1e-30
 53 - 123 ,47604.6,1.4560508450022587e-05,1e-30
 53 - 124 ,360800.0,1.921139635698296e-06,2.29445e-11
 53 - 125 ,5130000.0,1.3511640946587628e-07,6.589159999999999e-09
 53 - 126 ,1117000.0,6.205435815218847e-07,1.62459e-11
 53 - 127 ,1e+100,6.931471805599452e-101,1e-30
 53 - 128 ,1499.0,0.00046240639130083077,1e-30
 53 - 129 ,495000000000000.0,1.400297334464536e-15,4.11696e-11
 53 - 130 ,44500.0,1.5576341136178545e-05,4.84348e-07
 53 - 131 ,693380.0,9.996642253309083e-07,1.42479e-05
 53 - 132 ,8262.0,8.389580979907351e-05,0.00021259810000000002
 53 - 133 ,74900.0,9.254301476100736e-06,0.002214476
 53 - 134 ,3150.0,0.00022004672398728419,0.0092212
 53 - 135 ,23700.0,2.924671647932258e-05,0.0186922
 53 - 136 ,83.4,0.008311117272901023,0.02311812
 53 - 137 ,24.5,0.02829172165550797,0.0158681
 53 - 138 ,6.23,0.11125957954413246,0.0101353
 53 - 139 ,2.28,0.30401192129822163,0.00413404
 53 - 140 ,0.86,0.805985093674355,0.00117448
 53 - 141 ,0.43,1.61197018734871,0.000278398
 53 - 142 ,0.2,3.465735902799726,3.78196e-05
 53 - 143 ,1.5e-07,4620981.203732968,8.58545e-07
 53 - 144 ,3e-07,2310490.6018664846,2.0192599999999998e-07
 54 - 110 ,0.094,7.373906176169631,1e-30
 54 - 111 ,0.74,0.9366853791350612,1e-30
 54 - 112 ,2.7,0.2567211779851649,1e-30
 54 - 113 ,2.74,0.2529734235620238,1e-30
 54 - 114 ,10.0,0.06931471805599453,1e-30
 54 - 115 ,18.0,0.03850817669777474,1e-30
 54 - 116 ,59.0,0.01174825729762619,1e-30
 54 - 117 ,61.0,0.011363068533769595,1e-30
 54 - 118 ,230.0,0.003013683393738893,1e-30
 54 - 119 ,350.0,0.001980420515885558,1e-30
 54 - 120 ,2400.0,0.0002888113252333105,1e-30
 54 - 121 ,2410.0,0.0002876129379916785,1e-30
 54 - 122 ,72400.0,9.573856085082118e-06,1e-30
 54 - 123 ,7490.0,9.254301476100738e-05,1e-30
 54 - 124 ,5e+21,1.3862943611198903e-22,1e-30
 54 - 125 ,60800.0,1.140044704868331e-05,1.967661e-11
 54 - 126 ,1e+100,6.931471805599452e-101,1e-30
 54 - 127 ,9.1402,0.07583501242422981,1e-30
 54 - 128 ,1e+100,6.931471805599452e-101,1e-30
 54 - 129 ,1e+100,6.931471805599452e-101,1e-30
 54 - 130 ,1e+100,6.931471805599452e-101,1.86676e-11
 54 - 131 ,1e+100,6.931471805599452e-101,2.3591799999999997e-09
 54 - 132 ,1e+100,6.931471805599452e-101,1.9141370000000002e-07
 54 - 133 ,453000.0,1.5301262264016453e-06,2.324868e-05
 54 - 134 ,1.8e+30,3.8508176697774735e-31,0.000374906
 54 - 135 ,32900.0,2.106830336048466e-05,0.00415141
 54 - 136 ,7.6e+28,9.120357638946647e-30,0.00823437
 54 - 137 ,229.1,0.003025522394412681,0.026159199999999997
 54 - 138 ,844.8,0.0008204867194128142,0.0366766
 54 - 139 ,39.68,0.017468426929434105,0.0352683
 54 - 140 ,13.6,0.05096670445293716,0.0257661
 54 - 141 ,1.73,0.4006631101502574,0.0101087
 54 - 142 ,1.25,0.5545177444479562,0.00371366
 54 - 143 ,0.511,1.3564524081407932,0.000420655
 54 - 144 ,0.38799999999999996,1.7864618055668693,0.00011648600000000001
 54 - 145 ,0.188,3.686953088084816,1.1259500000000001e-05
 54 - 146 ,0.146,4.747583428492776,6.558079999999999e-07
 54 - 147 ,0.1,6.931471805599452,1.9383299999999999e-07
 55 - 112 ,0.0005,1386.2943611198905,1e-30
 55 - 113 ,1.67e-05,41505.81919520631,1e-30
 55 - 114 ,0.57,1.2160476851928863,1e-30
 55 - 115 ,1.4,0.4951051289713895,1e-30
 55 - 116 ,0.7,0.9902102579427792,1e-30
 55 - 117 ,8.4,0.08251752149523157,1e-30
 55 - 118 ,14.0,0.04951051289713895,1e-30
 55 - 119 ,43.0,0.0161197018734871,1e-30
 55 - 120 ,61.3,0.011307458084175293,1e-30
 55 - 121 ,155.0,0.004471917293935131,1e-30
 55 - 122 ,21.18,0.03272649577714567,1e-30
 55 - 123 ,352.0,0.001969168126590754,1e-30
 55 - 124 ,30.9,0.02243194759093674,1e-30
 55 - 125 ,2800.0,0.0002475525644856948,1e-30
 55 - 126 ,98.4,0.0070441786642270856,1e-30
 55 - 127 ,22500.0,3.080654135821979e-05,1e-30
 55 - 128 ,220.0,0.003150669002545206,1e-30
 55 - 129 ,115400.0,6.0064747015593175e-06,1e-30
 55 - 130 ,1753.0,0.0003954062638676242,1e-30
 55 - 131 ,837100.0,8.280339034284378e-07,1e-30
 55 - 132 ,559800.0,1.2382050385136572e-06,6.710239999999999e-12
 55 - 133 ,1e+100,6.931471805599452e-101,1.1503299999999999e-08
 55 - 134 ,65128000.0,1.0642844560863918e-08,1.0998730000000002e-06
 55 - 135 ,73000000000000.0,9.495166856985551e-15,2.0887440000000002e-05
 55 - 136 ,1127000.0,6.150374272936516e-07,0.000294422
 55 - 137 ,948600000.0,7.307054401854789e-10,0.00698806
 55 - 138 ,2005.0,0.0003457093169875039,0.00881937
 55 - 139 ,556.0,0.0012466675909351536,0.0184269
 55 - 140 ,63.7,0.010881431405964604,0.027955200000000003
 55 - 141 ,24.84,0.027904475867952708,0.0382785
 55 - 142 ,1.6840000000000002,0.4116075894061433,0.0255696
 55 - 143 ,1.791,0.38701685123391705,0.00749324
 55 - 144 ,0.995,0.6966303322210505,0.00553516
 55 - 145 ,0.5870000000000001,1.1808299498465848,0.00150699
 55 - 146 ,0.321,2.1593370110901717,0.00026021700000000003
 55 - 147 ,0.235,2.9495624704678525,6.35756e-05
 55 - 148 ,0.146,4.747583428492776,1.5539500000000002e-06
 55 - 149 ,0.05,13.862943611198904,8.30943e-08
 55 - 150 ,0.05,13.862943611198904,1.16042e-09
 55 - 151 ,0.05,13.862943611198904,2.70755e-11
 56 - 114 ,0.43,1.61197018734871,1e-30
 56 - 115 ,0.45,1.5403270679109895,1e-30
 56 - 116 ,1.3,0.5331901388922656,1e-30
 56 - 117 ,1.75,0.3960841031771116,1e-30
 56 - 118 ,5.5,0.12602676010180824,1e-30
 56 - 119 ,5.3,0.1307824868981029,1e-30
 56 - 120 ,24.0,0.02888113252333105,1e-30
 56 - 121 ,29.7,0.023338288907742262,1e-30
 56 - 122 ,117.0,0.005924334876580729,1e-30
 56 - 123 ,160.0,0.004332169878499658,1e-30
 56 - 124 ,660.0,0.001050223000848402,1e-30
 56 - 125 ,210.0,0.003300700859809264,1e-30
 56 - 126 ,6000.0,0.00011552453009332422,1e-30
 56 - 127 ,762.0,0.0009096419692387732,1e-30
 56 - 128 ,210000.0,3.300700859809263e-06,1e-30
 56 - 129 ,8030.0,8.631969869986867e-05,1e-30
 56 - 130 ,1e+100,6.931471805599452e-101,1e-30
 56 - 131 ,994000.0,6.973311675653373e-07,1e-30
 56 - 132 ,9.5e+28,7.296286111157317e-30,1e-30
 56 - 133 ,331900000.0,2.0884217552273127e-09,1.9725e-14
 56 - 134 ,1e+100,6.931471805599452e-101,2.81527e-10
 56 - 135 ,1e+100,6.931471805599452e-101,1.947483e-08
 56 - 136 ,1e+100,6.931471805599452e-101,8.84944e-07
 56 - 137 ,1e+100,6.931471805599452e-101,1.290586e-05
 56 - 138 ,1e+100,6.931471805599452e-101,0.000130038
 56 - 139 ,4984.0,0.00013907447443016558,0.00145886
 56 - 140 ,1101800.0,6.291043570157428e-07,0.00520716
 56 - 141 ,1096.0,0.0006324335589050597,0.0111989
 56 - 142 ,636.0,0.001089854057484191,0.027199599999999997
 56 - 143 ,14.5,0.04780325383172036,0.0443492
 56 - 144 ,11.5,0.06027366787477785,0.0340424
 56 - 145 ,4.31,0.1608230117308458,0.0207766
 56 - 146 ,2.22,0.31222845971168706,0.00989742
 56 - 147 ,0.893,0.776200650123119,0.00246022
 56 - 148 ,0.611,1.1344471040260968,0.000484015
 56 - 149 ,0.344,2.0149627341858882,4.07131e-05
 56 - 150 ,0.3,2.3104906018664844,3.29962e-06
 56 - 151 ,3e-07,2310490.6018664846,1.88229e-07
 56 - 152 ,0.1,6.931471805599452,3.804159999999999e-09
 56 - 153 ,0.08,8.664339756999317,0.561451
 57 - 117 ,0.0235,29.495624704678523,1e-30
 57 - 118 ,1.0,0.6931471805599453,1e-30
 57 - 119 ,2.0,0.34657359027997264,1e-30
 57 - 120 ,2.8,0.2475525644856948,1e-30
 57 - 121 ,5.3,0.1307824868981029,1e-30
 57 - 122 ,8.7,0.07967208971953395,1e-30
 57 - 123 ,17.0,0.040773363562349715,1e-30
 57 - 124 ,29.21,0.023729790501881044,1e-30
 57 - 125 ,64.8,0.010696715749381872,1e-30
 57 - 126 ,54.0,0.012836058899258249,1e-30
 57 - 127 ,310.0,0.0022359586469675656,1e-30
 57 - 128 ,311.0,0.0022287690693245828,1e-30
 57 - 129 ,696.0,0.0009959011214941745,1e-30
 57 - 130 ,520.0,0.001332975347230664,1e-30
 57 - 131 ,3500.0,0.0001980420515885558,1e-30
 57 - 132 ,17000.0,4.077336356234973e-05,1e-30
 57 - 133 ,14080.0,4.922920316476884e-05,1e-30
 57 - 134 ,387.0,0.0017910779859430113,1e-30
 57 - 135 ,70200.0,9.873891460967882e-06,9.50533e-13
 57 - 136 ,592.0,0.0011708567239188266,1e-30
 57 - 137 ,1900000000000.0,3.64814305557866e-13,5.85255e-09
 57 - 138 ,3.22e+18,2.1526309955277804e-19,1.74568e-07
 57 - 139 ,10200000000.0,6.795560593724954e-11,4.106869999999999e-06
 57 - 140 ,145027.0,4.779435419335333e-06,5.0765699999999994e-05
 57 - 141 ,14100.0,4.915937450779754e-05,0.000375249
 57 - 142 ,5470.0,0.00012671794891406678,0.00417581
 57 - 143 ,852.0,0.0008135530288262267,0.0106318
 57 - 144 ,40.8,0.016988901484312386,0.0187823
 57 - 145 ,24.8,0.02794948308709457,0.025309400000000003
 57 - 146 ,6.26,0.11072638667091778,0.02411447
 57 - 147 ,4.015,0.17263939739973733,0.0195656
 57 - 148 ,1.26,0.5501168099682106,0.00995038
 57 - 149 ,1.05,0.6601401719618526,0.0023637
 57 - 150 ,0.51,1.3591121187449908,0.000555598
 57 - 151 ,3e-07,2310490.6018664846,6.17377e-05
 57 - 152 ,1.5e-07,4620981.203732968,5.640639999999999e-06
 57 - 153 ,1e-07,6931471.805599453,2.6129000000000003e-07
 57 - 154 ,0.1,6.931471805599452,6.2359900000000005e-09
 57 - 155 ,0.06,11.552453009332426,7.83677e-11
 58 - 119 ,0.2,3.465735902799726,1e-30
 58 - 120 ,0.25,2.772588722239781,1e-30
 58 - 121 ,1.1,0.6301338005090411,1e-30
 58 - 122 ,2.0,0.34657359027997264,1e-30
 58 - 123 ,3.8,0.18240715277893302,1e-30
 58 - 124 ,6.0,0.1155245300933242,1e-30
 58 - 125 ,10.2,0.06795560593724954,1e-30
 58 - 126 ,51.0,0.013591121187449907,1e-30
 58 - 127 ,31.0,0.022359586469675653,1e-30
 58 - 128 ,236.0,0.002937064324406548,1e-30
 58 - 129 ,210.0,0.003300700859809264,1e-30
 58 - 130 ,1370.0,0.0005059468471240476,1e-30
 58 - 131 ,618.0,0.0011215973795468369,1e-30
 58 - 132 ,12600.0,5.5011680996821047e-05,1e-30
 58 - 133 ,5800.0,0.00011950813457930093,1e-30
 58 - 134 ,273000.0,2.539000661391741e-06,1e-30
 58 - 135 ,63700.0,1.0881431405964605e-05,1e-30
 58 - 136 ,2.2e+21,3.1506690025452057e-22,1e-30
 58 - 137 ,32000.0,2.166084939249829e-05,1.88847e-14
 58 - 138 ,2.8e+21,2.475525644856948e-22,1.77715e-12
 58 - 139 ,11892200.0,5.8285866413274694e-08,1.447993e-09
 58 - 140 ,10000000.0,6.931471805599452e-08,5.1764700000000004e-08
 58 - 141 ,2808700.0,2.467857658560705e-07,1.08978e-06
 58 - 142 ,2e+24,3.465735902799726e-25,1.57918e-05
 58 - 143 ,118940.0,5.8277045616272525e-06,0.00016595
 58 - 144 ,24616000.0,2.8158400250241523e-08,0.00102056
 58 - 145 ,181.0,0.003829542434032847,0.00349713
 58 - 146 ,811.2,0.0008544713764299128,0.0101913
 58 - 147 ,56.4,0.012289843626949385,0.0192646
 58 - 148 ,56.0,0.012377628224284737,0.023762799999999997
 58 - 149 ,5.3,0.1307824868981029,0.015099600000000001
 58 - 150 ,4.0,0.17328679513998632,0.00949427
 58 - 151 ,1.76,0.3938336253181508,0.0024343629999999997
 58 - 152 ,1.4,0.4951051289713895,0.000751345
 58 - 153 ,1e-07,6931471.805599453,0.000102732
 58 - 154 ,1.5e-07,4620981.203732968,7.3964e-06
 58 - 155 ,3e-07,2310490.6018664846,5.44814e-07
 58 - 156 ,0.15,4.620981203732969,2.95618e-08
 58 - 157 ,0.05,13.862943611198904,5.953440000000001e-10
 59 - 121 ,1.4,0.4951051289713895,1e-30
 59 - 122 ,0.5,1.3862943611198906,1e-30
 59 - 123 ,0.8,0.8664339756999315,1e-30
 59 - 124 ,1.2,0.5776226504666211,1e-30
 59 - 125 ,3.3,0.2100446001696804,1e-30
 59 - 126 ,3.14,0.22074750973246665,1e-30
 59 - 127 ,4.2,0.16503504299046315,1e-30
 59 - 128 ,2.84,0.2440659086478681,1e-30
 59 - 129 ,32.0,0.02166084939249829,1e-30
 59 - 130 ,40.0,0.01732867951399863,1e-30
 59 - 131 ,90.0,0.0077016353395549485,1e-30
 59 - 132 ,96.0,0.007220283130832762,1e-30
 59 - 133 ,390.0,0.0017773004629742187,1e-30
 59 - 134 ,660.0,0.001050223000848402,1e-30
 59 - 135 ,1400.0,0.0004951051289713895,1e-30
 59 - 136 ,786.0,0.0008818666419337727,1e-30
 59 - 137 ,4610.0,0.00015035730597829616,1e-30
 59 - 138 ,87.0,0.007967208971953394,1e-30
 59 - 139 ,15900.0,4.3594162299367627e-05,2.80518e-14
 59 - 140 ,203.0,0.0034145181308371693,2.96664e-12
 59 - 141 ,1e+100,6.931471805599452e-101,1.75577e-10
 59 - 142 ,68830.0,1.0070422498328422e-05,7.557859999999999e-09
 59 - 143 ,1172000.0,5.914225090101922e-07,2.29056e-07
 59 - 144 ,1037.0,0.0006684157961040938,3.834416e-06
 59 - 145 ,21540.0,3.217953484493711e-05,4.28446e-05
 59 - 146 ,1449.0,0.0004783624434506179,0.000310255
 59 - 147 ,804.0,0.0008621233589054045,0.00182544
 59 - 148 ,137.0,0.005059468471240477,0.00545666
 59 - 149 ,136.0,0.005096670445293714,0.00937112
 59 - 150 ,6.19,0.11197854290144513,0.0131377
 59 - 151 ,18.9,0.036674453997880704,0.0107903
 59 - 152 ,3.63,0.19094963651789126,0.00702481
 59 - 153 ,4.28,0.1619502758317629,0.00262904
 59 - 154 ,2.3,0.3013683393738893,0.000537455
 59 - 155 ,3e-07,2310490.6018664846,0.000115739
 59 - 156 ,3e-07,2310490.6018664846,1.83346e-05
 59 - 157 ,0.3,2.3104906018664844,1.08978e-06
 59 - 158 ,0.2,3.465735902799726,4.863659999999999e-08
 59 - 159 ,0.1,6.931471805599452,1.94707e-09
 60 - 124 ,0.5,1.3862943611198906,1e-30
 60 - 125 ,0.6,1.1552453009332422,1e-30
 60 - 126 ,2e-07,3465735.9027997265,1e-30
 60 - 127 ,1.8,0.3850817669777474,1e-30
 60 - 128 ,5.0,0.13862943611198905,1e-30
 60 - 129 ,4.9,0.14145860827753984,1e-30
 60 - 130 ,21.0,0.033007008598092635,1e-30
 60 - 131 ,25.4,0.027289259077163203,1e-30
 60 - 132 ,93.6,0.007405418595725913,1e-30
 60 - 133 ,70.0,0.00990210257942779,1e-30
 60 - 134 ,510.0,0.0013591121187449908,1e-30
 60 - 135 ,744.0,0.0009316494362364855,1e-30
 60 - 136 ,3040.0,0.0002280089409736662,1e-30
 60 - 137 ,2310.0,0.00030006371452811483,1e-30
 60 - 138 ,18100.0,3.829542434032847e-05,1e-30
 60 - 139 ,1780.0,0.0003894085284044636,1e-30
 60 - 140 ,291000.0,2.381949074089159e-06,1e-30
 60 - 141 ,8960.0,7.736017640177961e-05,1e-30
 60 - 142 ,1e+100,6.931471805599452e-101,2.99691e-13
 60 - 143 ,1e+100,6.931471805599452e-101,2.56301e-11
 60 - 144 ,7.23e+22,9.587097933055953e-24,1.2815099999999998e-09
 60 - 145 ,1e+100,6.931471805599452e-101,4.3793100000000006e-08
 60 - 146 ,1e+100,6.931471805599452e-101,9.29343e-07
 60 - 147 ,948700.0,7.306284184251557e-07,1.448e-05
 60 - 148 ,1e+100,6.931471805599452e-101,0.000133771
 60 - 149 ,6221.0,0.00011142054019610118,0.000585487
 60 - 150 ,2.49e+26,2.7837236167066078e-27,0.00146291
 60 - 151 ,746.4,0.0009286537788852427,0.00565441
 60 - 152 ,684.0,0.001013373070994072,0.0083553
 60 - 153 ,31.6,0.021935037359491937,0.00806105
 60 - 154 ,25.9,0.02676243940385889,0.00422567
 60 - 155 ,8.9,0.07788170568089273,0.00245442
 60 - 156 ,5.49,0.1262563170418844,0.00106216
 60 - 157 ,1e-07,6931471.805599453,0.00017858400000000002
 60 - 158 ,5e-08,13862943.611198906,2.29661e-05
 60 - 159 ,0.5,1.3862943611198906,2.5630099999999997e-06
 60 - 160 ,0.3,2.3104906018664844,1.75577e-07
 60 - 161 ,0.2,3.465735902799726,7.3751599999999996e-09
 61 - 126 ,0.5,1.3862943611198906,1e-30
 61 - 127 ,1.0,0.6931471805599453,1e-30
 61 - 128 ,1.0,0.6931471805599453,1e-30
 61 - 129 ,2.4,0.2888113252333105,1e-30
 61 - 130 ,2.6,0.2665950694461328,1e-30
 61 - 131 ,6.3,0.11002336199364213,1e-30
 61 - 132 ,6.3,0.11002336199364213,1e-30
 61 - 133 ,15.0,0.046209812037329684,1e-30
 61 - 134 ,5.0,0.13862943611198905,1e-30
 61 - 135 ,49.0,0.014145860827753985,1e-30
 61 - 136 ,107.0,0.006478011033270517,1e-30
 61 - 137 ,140.0,0.004951051289713895,1e-30
 61 - 138 ,10.0,0.06931471805599453,1e-30
 61 - 139 ,249.0,0.0027837236167066078,1e-30
 61 - 140 ,9.2,0.07534208484347232,1e-30
 61 - 141 ,1254.0,0.0005527489478149483,1e-30
 61 - 142 ,40.5,0.017114745199010996,1e-30
 61 - 143 ,22900000.0,3.0268435832312024e-08,1e-30
 61 - 144 ,31400000.0,2.2074750973246664e-08,2.35111e-14
 61 - 145 ,559000000.0,1.2399770671913153e-09,2.44192e-12
 61 - 146 ,174000000.0,3.983604485976697e-09,1.6044e-10
 61 - 147 ,82732000.0,8.378223426968347e-09,7.48721e-09
 61 - 148 ,463800.0,1.4944958614919044e-06,2.103881e-07
 61 - 149 ,191100.0,3.627143801988202e-06,2.88591e-06
 61 - 150 ,9650.0,7.182872337408759e-05,1.94042e-05
 61 - 151 ,102000.0,6.795560593724954e-06,0.00021655400000000001
 61 - 152 ,247.0,0.0028062638889066608,0.001222517
 61 - 153 ,315.0,0.0022004672398728427,0.00218702
 61 - 154 ,161.0,0.004305261991055561,0.005573676
 61 - 155 ,41.5,0.016702341700239647,0.00444451
 61 - 156 ,26.7,0.025960568560297576,0.00462443
 61 - 157 ,10.56,0.06563893755302512,0.00201666
 61 - 158 ,4.8,0.14440566261665527,0.0006976939999999999
 61 - 159 ,1.47,0.4715286942584662,0.000205899
 61 - 160 ,2.0,0.34657359027997264,3.93331e-05
 61 - 161 ,0.7,0.9902102579427792,4.44995e-06
 61 - 162 ,0.5,1.3862943611198906,3.12808e-07
 61 - 163 ,0.2,3.465735902799726,1.44295e-08
 62 - 128 ,0.5,1.3862943611198906,1e-30
 62 - 129 ,0.55,1.2602676010180822,1e-30
 62 - 130 ,1.0,0.6931471805599453,1e-30
 62 - 131 ,1.2,0.5776226504666211,1e-30
 62 - 132 ,4.0,0.17328679513998632,1e-30
 62 - 133 ,3.7,0.18733707582701226,1e-30
 62 - 134 ,9.5,0.07296286111157319,1e-30
 62 - 135 ,10.3,0.06729584277281021,1e-30
 62 - 136 ,47.0,0.01474781235233926,1e-30
 62 - 137 ,45.0,0.015403270679109897,1e-30
 62 - 138 ,190.0,0.0036481430555786593,1e-30
 62 - 139 ,154.0,0.004500955717921723,1e-30
 62 - 140 ,889.2,0.0007795177469185169,1e-30
 62 - 141 ,612.0,0.0011325934322874926,1e-30
 62 - 142 ,4349.0,0.00015938081870773633,1e-30
 62 - 143 ,525.0,0.0013202803439237053,1e-30
 62 - 144 ,1e+100,6.931471805599452e-101,1e-30
 62 - 145 ,29400000.0,2.357643471292331e-08,1e-30
 62 - 146 ,3250000000000000.0,2.1327605555690622e-16,1e-30
 62 - 147 ,3.35e+18,2.069096061372971e-19,3.30971e-13
 62 - 148 ,2.2e+23,3.1506690025452053e-24,2.81527e-11
 62 - 149 ,1e+100,6.931471805599452e-101,1.2108699999999998e-09
 62 - 150 ,1e+100,6.931471805599452e-101,4.22796e-08
 62 - 151 ,2800000000.0,2.475525644856948e-10,8.63755e-07
 62 - 152 ,1e+100,6.931471805599452e-101,1.33297e-05
 62 - 153 ,166620.0,4.160047896770768e-06,5.521448e-05
 62 - 154 ,1e+100,6.931471805599452e-101,0.000422564
 62 - 155 ,1340.0,0.0005172740153432427,0.000968091
 62 - 156 ,34000.0,2.0386681781174866e-05,0.00102276
 62 - 157 ,482.0,0.0014380646899583927,0.00287303
 62 - 158 ,318.0,0.0021797081149683814,0.00246766
 62 - 159 ,11.37,0.06096281271415526,0.00177632
 62 - 160 ,9.5,0.07296286111157319,0.0008753480000000001
 62 - 161 ,4.8,0.14440566261665527,0.000251629
 62 - 162 ,2.4,0.2888113252333105,4.6144300000000005e-05
 62 - 163 ,1.0,0.6931471805599453,5.83236e-06
 62 - 164 ,0.5,1.3862943611198906,5.26729e-07
 62 - 165 ,0.2,3.465735902799726,3.007e-08
 63 - 130 ,0.0009,770.1635339554947,1e-30
 63 - 131 ,0.0178,38.94085284044637,1e-30
 63 - 132 ,0.1,6.931471805599452,1e-30
 63 - 133 ,0.2,3.465735902799726,1e-30
 63 - 134 ,0.5,1.3862943611198906,1e-30
 63 - 135 ,1.5,0.4620981203732968,1e-30
 63 - 136 ,3.3,0.2100446001696804,1e-30
 63 - 137 ,11.0,0.06301338005090412,1e-30
 63 - 138 ,12.1,0.057284890955367374,1e-30
 63 - 139 ,17.9,0.03872330617653326,1e-30
 63 - 140 ,1.51,0.4590378679204936,1e-30
 63 - 141 ,40.7,0.017030643257001113,1e-30
 63 - 142 ,2.34,0.2962167438290365,1e-30
 63 - 143 ,155.0,0.004471917293935131,1e-30
 63 - 144 ,10.2,0.06795560593724954,1e-30
 63 - 145 ,512000.0,1.3538030870311432e-06,1e-30
 63 - 146 ,398000.0,1.7415758305526265e-06,1e-30
 63 - 147 ,2080000.0,3.33243836807666e-07,1e-30
 63 - 148 ,4710000.0,1.471650064883111e-07,1e-30
 63 - 149 ,8040000.0,8.621233589054044e-08,2.77491e-14
 63 - 150 ,1160000000.0,5.975406728965045e-10,1e-30
 63 - 151 ,5.4e+25,1.2836058899258244e-26,1.9071200000000002e-10
 63 - 152 ,426900000.0,1.6236757567578948e-09,8.778814e-09
 63 - 153 ,1e+24,6.931471805599452e-25,1.39251e-07
 63 - 154 ,271000000.0,2.5577386736529346e-09,2.60338e-06
 63 - 155 ,149900000.0,4.624063913008307e-09,1.74063e-05
 63 - 156 ,1312000.0,5.283133998170315e-07,0.000100119
 63 - 157 ,54650.0,1.2683388482341174e-05,0.00035278699999999997
 63 - 158 ,2750.0,0.0002520535202036165,0.0014939
 63 - 159 ,1090.0,0.0006359148445504086,0.00132252
 63 - 160 ,38.0,0.018240715277893296,0.00158446
 63 - 161 ,26.0,0.026659506944613283,0.00107075
 63 - 162 ,10.6,0.06539124344905145,0.00047409599999999997
 63 - 163 ,7.8,0.08886502314871092,0.000152943
 63 - 164 ,4.2,0.16503504299046315,3.54987e-05
 63 - 165 ,2.3,0.3013683393738893,5.47918e-06
 63 - 166 ,0.4,1.732867951399863,6.35707e-07
 63 - 167 ,0.2,3.465735902799726,4.08669e-08
 64 - 134 ,0.4,1.732867951399863,1e-30
 64 - 135 ,1.1,0.6301338005090411,1e-30
 64 - 136 ,2e-07,3465735.9027997265,1e-30
 64 - 137 ,2.2,0.3150669002545205,1e-30
 64 - 138 ,4.8,0.14440566261665527,1e-30
 64 - 139 ,5.8,0.11950813457930093,1e-30
 64 - 140 ,15.8,0.043870074718983874,1e-30
 64 - 141 ,14.0,0.04951051289713895,1e-30
 64 - 142 ,70.2,0.00987389146096788,1e-30
 64 - 143 ,39.0,0.017773004629742187,1e-30
 64 - 144 ,268.0,0.0025863700767162143,1e-30
 64 - 145 ,1400.0,0.0004951051289713895,1e-30
 64 - 146 ,4171000.0,1.6618249354110412e-07,1e-30
 64 - 147 ,137000.0,5.059468471240476e-06,1e-30
 64 - 148 ,2240000000.0,3.0944070560711837e-10,1e-30
 64 - 149 ,802000.0,8.642732924687597e-07,1e-30
 64 - 150 ,56500000000000.0,1.2268091691326464e-14,1e-30
 64 - 151 ,10700000.0,6.478011033270516e-08,1e-30
 64 - 152 ,3.41e+21,2.032689679061423e-22,4.81321e-13
 64 - 153 ,20770000.0,3.3372517118918885e-08,2.37129e-11
 64 - 154 ,1e+100,6.931471805599452e-101,1.3723199999999999e-09
 64 - 155 ,1e+100,6.931471805599452e-101,2.179279e-08
 64 - 156 ,1e+100,6.931471805599452e-101,4.80312e-07
 64 - 157 ,1e+100,6.931471805599452e-101,4.73248e-06
 64 - 158 ,1e+100,6.931471805599452e-101,5.631560000000001e-05
 64 - 159 ,66524.0,1.0419505450062313e-05,0.00012508299999999998
 64 - 160 ,9.8e+26,7.072930413876992e-28,0.000377812
 64 - 161 ,220.0,0.003150669002545206,0.000600158
 64 - 162 ,500.0,0.0013862943611198909,0.00061598
 64 - 163 ,68.0,0.010193340890587429,0.00047271300000000004
 64 - 164 ,45.0,0.015403270679109897,0.00026036799999999997
 64 - 165 ,10.3,0.06729584277281021,0.00010052200000000001
 64 - 166 ,4.8,0.14440566261665527,2.9454499999999997e-05
 64 - 167 ,3.0,0.2310490601866484,4.91412e-06
 64 - 168 ,0.3,2.3104906018664844,5.792e-07
 64 - 169 ,1.0,0.6931471805599453,2.88591e-08
 65 - 136 ,0.2,3.465735902799726,1e-30
 65 - 137 ,0.6,1.1552453009332422,1e-30
 65 - 138 ,0.8,0.8664339756999315,1e-30
 65 - 139 ,1.6,0.43321698784996576,1e-30
 65 - 140 ,2.4,0.2888113252333105,1e-30
 65 - 141 ,3.5,0.19804205158855576,1e-30
 65 - 142 ,0.597,1.161050553701751,1e-30
 65 - 143 ,12.0,0.0577622650466621,1e-30
 65 - 144 ,1.0,0.6931471805599453,1e-30
 65 - 145 ,1200.0,0.0005776226504666211,1e-30
 65 - 146 ,8.0,0.08664339756999316,1e-30
 65 - 147 ,6100.0,0.00011363068533769594,1e-30
 65 - 148 ,3600.0,0.0001925408834888737,1e-30
 65 - 149 ,14820.0,4.6771064815111025e-05,1e-30
 65 - 150 ,12500.0,5.545177444479562e-05,1e-30
 65 - 151 ,63392.0,1.0934300551488284e-05,1e-30
 65 - 152 ,63000.0,1.1002336199364212e-05,1e-30
 65 - 153 ,202000.0,3.431421685940323e-06,1e-30
 65 - 154 ,77400.0,8.955389929715056e-06,1e-30
 65 - 155 ,460000.0,1.5068416968694463e-06,2.4520099999999998e-12
 65 - 156 ,462000.0,1.5003185726405745e-06,1.677029e-10
 65 - 157 ,2200000000.0,3.1506690025452065e-10,3.8545999999999995e-09
 65 - 158 ,5680000000.0,1.2203295432393404e-10,1.0937350000000001e-07
 65 - 159 ,1e+100,6.931471805599452e-101,8.1532e-07
 65 - 160 ,6250000.0,1.1090354888959124e-07,6.7909600000000005e-06
 65 - 161 ,596700.0,1.161634289525633e-06,2.7395900000000003e-05
 65 - 162 ,456.0,0.001520059606491108,6.9181e-05
 65 - 163 ,1170.0,0.0005924334876580727,0.000129634
 65 - 164 ,180.0,0.0038508176697774742,0.00016659599999999998
 65 - 165 ,127.0,0.0054578518154326395,0.000152317
 65 - 166 ,25.1,0.027615425520316542,0.00010449799999999999
 65 - 167 ,19.4,0.03572923611133739,4.1795299999999996e-05
 65 - 168 ,8.2,0.08453014397072504,1.25022e-05
 65 - 169 ,2.0,0.34657359027997264,1.58422e-06
 65 - 170 ,3.0,0.2310490601866484,3.65279e-07
 65 - 171 ,0.5,1.3862943611198906,3.62252e-08
 66 - 138 ,0.2,3.465735902799726,1e-30
 66 - 139 ,0.6,1.1552453009332422,1e-30
 66 - 140 ,0.7,0.9902102579427792,1e-30
 66 - 141 ,0.9,0.7701635339554948,1e-30
 66 - 142 ,2.3,0.3013683393738893,1e-30
 66 - 143 ,3.2,0.21660849392498288,1e-30
 66 - 144 ,8.9,0.07788170568089273,1e-30
 66 - 145 ,6.0,0.1155245300933242,1e-30
 66 - 146 ,29.0,0.02390162691586018,1e-30
 66 - 147 ,40.0,0.01732867951399863,1e-30
 66 - 148 ,200.0,0.0034657359027997266,1e-30
 66 - 149 ,252.0,0.002750584049841053,1e-30
 66 - 150 ,430.0,0.00161197018734871,1e-30
 66 - 151 ,1000.0,0.0006931471805599452,1e-30
 66 - 152 ,8570.0,8.088065117385592e-05,1e-30
 66 - 153 ,23000.0,3.013683393738893e-05,1e-30
 66 - 154 ,95000000000000.0,7.29628611115732e-15,1e-30
 66 - 155 ,36000.0,1.925408834888737e-05,1e-30
 66 - 156 ,1e+100,6.931471805599452e-101,1e-30
 66 - 157 ,29300.0,2.365690036040769e-05,2.2522999999999998e-14
 66 - 158 ,1e+100,6.931471805599452e-101,2.77491e-11
 66 - 159 ,12480000.0,5.554063946794433e-08,4.76276e-10
 66 - 160 ,1e+100,6.931471805599452e-101,1.1402299999999998e-08
 66 - 161 ,1e+100,6.931471805599452e-101,1.24114e-07
 66 - 162 ,1e+100,6.931471805599452e-101,8.31464e-07
 66 - 163 ,1e+100,6.931471805599452e-101,4.12705e-06
 66 - 164 ,1e+100,6.931471805599452e-101,1.32994e-05
 66 - 165 ,8402.0,8.249787914305468e-05,3.0251550000000003e-05
 66 - 166 ,294000.0,2.357643471292331e-06,4.901e-05
 66 - 167 ,372.0,0.0018632988724729715,4.55086e-05
 66 - 168 ,520.0,0.001332975347230664,3.23101e-05
 66 - 169 ,39.0,0.017773004629742187,9.68697e-06
 66 - 170 ,30.0,0.023104906018664842,5.539730000000001e-06
 66 - 171 ,6.0,0.1155245300933242,1.3824100000000002e-06
 66 - 172 ,3.0,0.2310490601866484,2.32083e-07
 66 - 173 ,2.0,0.34657359027997264,1e-30
 67 - 140 ,0.006,115.52453009332422,1e-30
 67 - 141 ,0.0041,169.06028794145,1e-30
 67 - 142 ,0.4,1.732867951399863,1e-30
 67 - 143 ,2e-07,3465735.9027997265,1e-30
 67 - 144 ,0.7,0.9902102579427792,1e-30
 67 - 145 ,2.4,0.2888113252333105,1e-30
 67 - 146 ,3.6,0.1925408834888737,1e-30
 67 - 147 ,5.8,0.11950813457930093,1e-30
 67 - 148 ,2.2,0.3150669002545205,1e-30
 67 - 149 ,21.1,0.032850577277722524,1e-30
 67 - 150 ,71.0,0.009762636345914722,1e-30
 67 - 151 ,35.2,0.01969168126590753,1e-30
 67 - 152 ,161.8,0.004283975157972467,1e-30
 67 - 153 ,121.0,0.005728489095536738,1e-30
 67 - 154 ,705.6,0.0009823514463718048,1e-30
 67 - 155 ,2900.0,0.00023901626915860186,1e-30
 67 - 156 ,3400.0,0.00020386681781174858,1e-30
 67 - 157 ,757.0,0.0009156501724702053,1e-30
 67 - 158 ,678.0,0.0010223409742772054,1e-30
 67 - 159 ,1983.0,0.0003495447204034016,1e-30
 67 - 160 ,1540.0,0.0004500955717921723,1e-30
 67 - 161 ,8930.0,7.76200650123119e-05,3.304671e-11
 67 - 162 ,900.0,0.0007701635339554948,6.08462e-10
 67 - 163 ,144000000000.0,4.813522087221841e-12,8.435729999999999e-09
 67 - 164 ,1700.0,0.00040773363562349716,7.27532e-08
 67 - 165 ,1e+100,6.931471805599452e-101,4.44995e-07
 67 - 166 ,96566.0,7.1779630569760085e-06,2.018119e-06
 67 - 167 ,11000.0,6.301338005090412e-05,4.23805e-06
 67 - 168 ,179.0,0.003872330617653326,5.8417599999999994e-06
 67 - 169 ,283.0,0.0024492833235333755,5.186559999999999e-06
 67 - 170 ,166.0,0.004175585425059912,7.02304e-06
 67 - 171 ,53.0,0.013078248689810288,4.0766e-06
 67 - 172 ,25.0,0.027725887222397813,1.6447700000000001e-06
 67 - 173 ,10.0,0.06931471805599453,1e-30
 67 - 174 ,9.0,0.07701635339554948,1e-30
 67 - 175 ,5.0,0.13862943611198905,1e-30
 68 - 143 ,0.2,3.465735902799726,1e-30
 68 - 144 ,2e-07,3465735.9027997265,1e-30
 68 - 145 ,0.9,0.7701635339554948,1e-30
 68 - 146 ,1.7,0.4077336356234973,1e-30
 68 - 147 ,2.5,0.2772588722239781,1e-30
 68 - 148 ,4.6,0.15068416968694465,1e-30
 68 - 149 ,4.0,0.17328679513998632,1e-30
 68 - 150 ,18.5,0.03746741516540245,1e-30
 68 - 151 ,23.5,0.02949562470467852,1e-30
 68 - 152 ,10.3,0.06729584277281021,1e-30
 68 - 153 ,37.1,0.0186832124140147,1e-30
 68 - 154 ,224.0,0.003094407056071184,1e-30
 68 - 155 ,320.0,0.002166084939249829,1e-30
 68 - 156 ,1170.0,0.0005924334876580727,1e-30
 68 - 157 ,1119.0,0.0006194344777121942,1e-30
 68 - 158 ,8240.0,8.411980346601278e-05,1e-30
 68 - 159 ,2200.0,0.0003150669002545206,1e-30
 68 - 160 ,102900.0,6.736124203692374e-06,1e-30
 68 - 161 ,11600.0,5.9754067289650466e-05,1e-30
 68 - 162 ,1e+100,6.931471805599452e-101,1e-30
 68 - 163 ,4500.0,0.00015403270679109895,1.47322e-12
 68 - 164 ,1e+100,6.931471805599452e-101,3.5317e-11
 68 - 165 ,37300.0,1.8583034331365826e-05,6.074529999999999e-10
 68 - 166 ,1e+100,6.931471805599452e-101,7.456949999999999e-09
 68 - 167 ,1e+100,6.931471805599452e-101,4.163379e-08
 68 - 168 ,1e+100,6.931471805599452e-101,1.9373899999999999e-07
 68 - 169 ,810000.0,8.557372599505499e-07,3.4207099999999997e-07
 68 - 170 ,1e+100,6.931471805599452e-101,1.16042e-06
 68 - 171 ,27060.0,2.561519514264395e-05,1.6044e-06
 68 - 172 ,177000.0,3.916085765875397e-06,1.4934e-06
 68 - 173 ,84.0,0.008251752149523159,1e-30
 68 - 174 ,190.0,0.0036481430555786593,1e-30
 68 - 175 ,71.0,0.009762636345914722,1e-30
 68 - 176 ,20.0,0.03465735902799726,1e-30
 69 - 145 ,3.17e-06,218658.4165804244,1e-30
 69 - 146 ,0.08,8.664339756999317,1e-30
 69 - 147 ,0.58,1.1950813457930092,1e-30
 69 - 148 ,0.7,0.9902102579427792,1e-30
 69 - 149 ,0.9,0.7701635339554948,1e-30
 69 - 150 ,2.2,0.3150669002545205,1e-30
 69 - 151 ,4.17,0.16622234545802045,1e-30
 69 - 152 ,8.0,0.08664339756999316,1e-30
 69 - 153 ,1.48,0.4683426895675306,1e-30
 69 - 154 ,8.0,0.08664339756999316,1e-30
 69 - 155 ,21.6,0.032090147248145615,1e-30
 69 - 156 ,83.8,0.008271446068734431,1e-30
 69 - 157 ,218.0,0.0031795742227520426,1e-30
 69 - 158 ,239.0,0.0029001974082006076,1e-30
 69 - 159 ,548.0,0.0012648671178101193,1e-30
 69 - 160 ,560.0,0.0012377628224284735,1e-30
 69 - 161 ,1810.0,0.0003829542434032847,1e-30
 69 - 162 ,1300.0,0.0005331901388922656,1e-30
 69 - 163 ,6516.0,0.00010637617872313464,1e-30
 69 - 164 ,120.0,0.0057762265046662105,1e-30
 69 - 165 ,108200.0,6.406166178927407e-06,1e-30
 69 - 166 ,28000.0,2.4755256448569475e-05,2.0448e-13
 69 - 167 ,799000.0,8.675183736670155e-07,2.4621e-11
 69 - 168 ,8040000.0,8.621233589054044e-08,3.19872e-10
 69 - 169 ,1e+100,6.931471805599452e-101,1.6044e-09
 69 - 170 ,11110000.0,6.238948519891497e-08,1.4026000000000001e-08
 69 - 171 ,60600000.0,1.1438072286467745e-08,4.95448e-08
 69 - 172 ,229000.0,3.026843583231202e-06,1.16042e-07
 69 - 173 ,29700.0,2.3338288907742265e-05,1e-30
 69 - 174 ,320.0,0.002166084939249829,1e-30
 69 - 175 ,912.0,0.000760029803245554,1e-30
 69 - 176 ,110.0,0.006301338005090412,1e-30
 69 - 177 ,90.0,0.0077016353395549485,1e-30
 70 - 148 ,0.25,2.772588722239781,1e-30
 70 - 149 ,0.7,0.9902102579427792,1e-30
 70 - 150 ,2e-07,3465735.9027997265,1e-30
 70 - 151 ,1.6,0.43321698784996576,1e-30
 70 - 152 ,3.04,0.2280089409736662,1e-30
 70 - 153 ,4.2,0.16503504299046315,1e-30
 70 - 154 ,0.409,1.6947363827871524,1e-30
 70 - 155 ,1.7930000000000001,0.3865851536865284,1e-30
 70 - 156 ,26.1,0.026557363239844645,1e-30
 70 - 157 ,38.6,0.017957180843521898,1e-30
 70 - 158 ,89.4,0.007753324167337195,1e-30
 70 - 159 ,100.0,0.006931471805599453,1e-30
 70 - 160 ,290.0,0.0023901626915860184,1e-30
 70 - 161 ,250.0,0.002772588722239781,1e-30
 70 - 162 ,1132.0,0.0006123208308833439,1e-30
 70 - 163 ,663.0,0.0010454708605730698,1e-30
 70 - 164 ,4550.0,0.0001523400396835045,1e-30
 70 - 165 ,590.0,0.001174825729762619,1e-30
 70 - 166 ,204000.0,3.397780296862477e-06,1e-30
 70 - 167 ,1050.0,0.0006601401719618528,1e-30
 70 - 168 ,1e+20,6.931471805599451e-21,4.5205900000000004e-14
 70 - 169 ,2767000.0,2.5050494418501816e-07,6.28744e-13
 70 - 170 ,1e+20,6.931471805599451e-21,1.54386e-11
 70 - 171 ,1e+20,6.931471805599451e-21,1.335968e-10
 70 - 172 ,1e+20,6.931471805599451e-21,9.242980000000001e-10
 70 - 173 ,1e+20,6.931471805599451e-21,1e-30
 70 - 174 ,1e+20,6.931471805599451e-21,1e-30
 70 - 175 ,361600.0,1.91688932676976e-06,1e-30
 70 - 176 ,1e+20,6.931471805599451e-21,1e-30
 70 - 177 ,6880.0,0.00010074813670929439,1e-30
 70 - 178 ,4400.0,0.0001575334501272603,1e-30
 71 - 150 ,0.043,16.119701873487102,1e-30
 71 - 151 ,0.0806,8.599840949875249,1e-30
 71 - 152 ,0.7,0.9902102579427792,1e-30
 71 - 153 ,0.9,0.7701635339554948,1e-30
 71 - 154 ,2.0,0.34657359027997264,1e-30
 71 - 155 ,0.0686,10.104186305538562,1e-30
 71 - 156 ,0.494,1.4031319444533306,1e-30
 71 - 157 ,6.8,0.10193340890587432,1e-30
 71 - 158 ,10.6,0.06539124344905145,1e-30
 71 - 159 ,12.1,0.057284890955367374,1e-30
 71 - 160 ,36.1,0.01920075292409821,1e-30
 71 - 161 ,76.0,0.009120357638946648,1e-30
 71 - 162 ,82.2,0.008432447452067459,1e-30
 71 - 163 ,238.0,0.002912383111596409,1e-30
 71 - 164 ,188.0,0.003686953088084815,1e-30
 71 - 165 ,644.4,0.0010756473937925904,1e-30
 71 - 166 ,159.0,0.004359416229936764,1e-30
 71 - 167 ,3090.0,0.0002243194759093674,1e-30
 71 - 168 ,330.0,0.002100446001696804,1e-30
 71 - 169 ,122600.0,5.653729042087645e-06,1e-30
 71 - 170 ,173800.0,3.988188610816716e-06,1e-30
 71 - 171 ,712000.0,9.73521321011159e-07,1e-30
 71 - 172 ,580000.0,1.1950813457930092e-06,4.4196800000000004e-13
 71 - 173 ,43200000.0,1.6045073624072808e-08,1e-30
 71 - 174 ,104000000.0,6.66487673615332e-09,1e-30
 71 - 175 ,1e+100,6.931471805599452e-101,1e-30
 71 - 176 ,1.19e+18,5.824766223192818e-19,1e-30
 71 - 177 ,574300.0,1.2069426790178395e-06,1e-30
 71 - 178 ,1700.0,0.00040773363562349716,1e-30
 71 - 179 ,16500.0,4.2008920033936075e-05,1e-30
 72 - 176 ,1e+100,6.931471805599452e-101,1e-30
 72 - 177 ,1e+100,6.931471805599452e-101,1e-30
 72 - 178 ,1e+100,6.931471805599452e-101,1e-30
 72 - 179 ,1e+100,6.931471805599452e-101,1e-30
